     200.000   0.166607
     200.400   0.164941
     200.840   0.163274
     201.319   0.161634
     201.849   0.160019
     202.449   0.158411
     203.128   0.156841
     203.938   0.155273
     204.937   0.153728
     206.297   0.152198
     208.835   0.150690
     216.111   0.152214
     218.380   0.153759
     220.289   0.155317
     222.008   0.156890
     223.607   0.158480
     225.126   0.160091
     226.575   0.161710
     227.975   0.163344
     229.344   0.165004
     230.673   0.166671
     231.982   0.168362
     233.272   0.170074
     234.541   0.171802
     235.790   0.173542
     237.030   0.175305
     238.249   0.177076
     239.458   0.178866
     240.658   0.180673
     241.857   0.182513
     243.046   0.184368
     244.226   0.186238
     245.395   0.188121
     246.564   0.190033
     247.724   0.191957
     248.883   0.193909
     250.033   0.195873
     251.182   0.197865
     252.321   0.199867
     253.461   0.201897
     254.590   0.203937
     255.719   0.206005
     256.850   0.208104
     257.971   0.210213
     259.092   0.212351
     260.203   0.214499
     261.314   0.216676
     262.425   0.218883
     263.527   0.221099
     264.628   0.223347
     265.719   0.225605
     266.810   0.227895
     267.891   0.230197
     268.972   0.232531
     270.053   0.234899
     271.124   0.237280
     272.195   0.239697
     273.256   0.242128
     274.317   0.244597
     275.368   0.247081
     276.409   0.249582
     277.450   0.252124
     278.481   0.254684
     279.502   0.257263
     280.513   0.259862
     281.524   0.262508
     282.525   0.265178
     283.516   0.267872
     284.497   0.270592
     285.468   0.273339
     286.429   0.276116
     287.380   0.278924
     288.321   0.281766
     289.242   0.284613
     290.153   0.287497
     291.053   0.290421
     291.944   0.293388
     292.815   0.296368
     293.676   0.299397
     294.517   0.302442
     295.338   0.305506
     296.148   0.308628
     296.939   0.311772
     297.710   0.314942
     298.461   0.318138
     299.191   0.321362
     299.902   0.324616
     300.593   0.327900
     301.263   0.331217
     301.914   0.334568
     302.545   0.337952
     303.155   0.341372
     303.746   0.344827
     304.316   0.348317
     304.867   0.351841
     305.397   0.355396
     305.918   0.359054
     306.418   0.362746
     306.899   0.366468
     307.359   0.370214
     307.800   0.373980
     308.230   0.377849
     308.641   0.381729
     309.031   0.385610
     309.411   0.389587
     309.772   0.393551
     310.122   0.397604
     310.452   0.401621
     310.773   0.405716
     311.083   0.409886
     311.383   0.414129
     311.674   0.418440
     311.954   0.422817
     312.224   0.427253
     312.484   0.431741
     312.735   0.436274
     312.975   0.440842
     313.205   0.445435
     313.425   0.450039
     313.635   0.454643
     313.846   0.459464
     314.046   0.464274
     314.236   0.469055
     314.426   0.474056
     314.606   0.479011
     314.777   0.483899
     314.947   0.489002
     315.107   0.494015
     315.267   0.499245
     315.417   0.504357
     315.567   0.509686
     315.707   0.514865
     315.848   0.520256
     315.988   0.525873
     316.118   0.531301
     316.248   0.536948
     316.378   0.542825
     316.498   0.548467
     316.618   0.554329
     316.738   0.560425
     316.849   0.566228
     316.959   0.572251
     317.069   0.578504
     317.169   0.584400
     317.269   0.590507
     317.369   0.596837
     317.469   0.603402
     317.559   0.609522
     317.649   0.615851
     317.739   0.622401
     317.830   0.629183
     317.920   0.636209
     318.000   0.642670
     318.080   0.649342
     318.160   0.656237
     318.240   0.663366
     318.320   0.670737
     318.400   0.678368
     318.470   0.685264
     318.540   0.692376
     318.610   0.699713
     318.680   0.707286
     318.750   0.715106
     318.820   0.723184
     318.891   0.731532
     318.961   0.740163
     319.021   0.747797
     319.081   0.755658
     319.141   0.763755
     319.201   0.772100
     319.261   0.780701
     319.321   0.789570
     319.381   0.798719
     319.441   0.808158
     319.501   0.817903
     319.551   0.826264
     319.601   0.834851
     319.651   0.843677
     319.701   0.852743
     319.751   0.862064
     319.801   0.871644
     319.852   0.881493
     319.902   0.891619
     319.952   0.902032
     320.002   0.912741
     320.052   0.923752
     320.102   0.935075
     320.152   0.946717
     320.202   0.958685
     320.242   0.968499
     320.282   0.978531
     320.322   0.988780
     320.362   0.999253
     320.402    1.00995
     320.442    1.02086
     320.482    1.03201
     320.522    1.04337
     320.562    1.05496
     320.602    1.06677
     320.642    1.07880
     320.682    1.09104
     320.722    1.10349
     320.762    1.11614
     320.802    1.12899
     320.842    1.14202
     320.883    1.15522
     320.923    1.16859
     320.963    1.18210
     321.003    1.19575
     321.043    1.20952
     321.083    1.22339
     321.123    1.23734
     321.163    1.25137
     321.203    1.26554
     321.243    1.27945
     321.283    1.29279
     321.323    1.30638
     321.363    1.32008
     321.403    1.33394
     321.443    1.34798
     321.483    1.36225
     321.523    1.37677
     321.563    1.39160
     321.603    1.40675
     321.643    1.42228
     321.683    1.43819
     321.723    1.45452
     321.763    1.47132
     321.803    1.48860
     321.843    1.50638
     321.883    1.52471
     321.924    1.54360
     321.964    1.56308
     322.004    1.58316
     322.044    1.60389
     322.084    1.62528
     322.114    1.64178
     322.144    1.65866
     322.174    1.67596
     322.204    1.69367
     322.234    1.71181
     322.264    1.73038
     322.294    1.74941
     322.324    1.76889
     322.354    1.78883
     322.384    1.80926
     322.414    1.83018
     322.444    1.85160
     322.474    1.87352
     322.504    1.89598
     322.534    1.91897
     322.564    1.94251
     322.594    1.96659
     322.624    1.99125
     322.654    2.01650
     322.684    2.04233
     322.714    2.06878
     322.744    2.09585
     322.774    2.12355
     322.804    2.15191
     322.834    2.18091
     322.864    2.21060
     322.894    2.24097
     322.924    2.27206
     322.955    2.30385
     322.985    2.33638
     323.015    2.36965
     323.045    2.40370
     323.075    2.43851
     323.105    2.47412
     323.135    2.51053
     323.165    2.54777
     323.195    2.58583
     323.225    2.62477
     323.255    2.66456
     323.275    2.69159
     323.295    2.71901
     323.315    2.74682
     323.335    2.77505
     323.355    2.80368
     323.375    2.83272
     323.395    2.86218
     323.415    2.89207
     323.435    2.92237
     323.455    2.95312
     323.475    2.98430
     323.495    3.01591
     323.515    3.04796
     323.535    3.08046
     323.555    3.11339
     323.575    3.14678
     323.595    3.18061
     323.615    3.21492
     323.635    3.24966
     323.655    3.28488
     323.675    3.32056
     323.695    3.35669
     323.715    3.39330
     323.735    3.43036
     323.755    3.46788
     323.775    3.50587
     323.795    3.54434
     323.815    3.58325
     323.835    3.62265
     323.855    3.66250
     323.875    3.70279
     323.895    3.74355
     323.915    3.78477
     323.935    3.82644
     323.956    3.86857
     323.976    3.91112
     323.996    3.95409
     324.016    3.99753
     324.036    4.04138
     324.056    4.08562
     324.076    4.13028
     324.096    4.17534
     324.116    4.22078
     324.136    4.26659
     324.156    4.31279
     324.176    4.35930
     324.196    4.40615
     324.216    4.45334
     324.236    4.50083
     324.256    4.54857
     324.276    4.59660
     324.296    4.64488
     324.316    4.69337
     324.336    4.74205
     324.356    4.79094
     324.376    4.83994
     324.396    4.88908
     324.426    4.96291
     324.456    5.03689
     324.486    5.11081
     324.516    5.18460
     324.546    5.25808
     324.576    5.33115
     324.606    5.40366
     324.636    5.47539
     324.666    5.54620
     324.696    5.61589
     324.726    5.68424
     324.756    5.75105
     324.786    5.81606
     324.816    5.87905
     324.846    5.93973
     324.886    6.01658
     324.926    6.08812
     324.966    6.15355
     325.017    6.22561
     325.077    6.29623
     325.137    6.36217
     325.227    6.29887
     325.287    6.22906
     325.337    6.15771
     325.377    6.09279
     325.417    6.02178
     325.457    5.94543
     325.487    5.88511
     325.517    5.82248
     325.547    5.75780
     325.577    5.69136
     325.607    5.62335
     325.637    5.55398
     325.667    5.48351
     325.697    5.41210
     325.727    5.33993
     325.757    5.26718
     325.787    5.19401
     325.817    5.12052
     325.847    5.04690
     325.877    4.97325
     325.907    4.89970
     325.927    4.85078
     325.947    4.80194
     325.967    4.75328
     325.987    4.70476
     326.008    4.65645
     326.028    4.60838
     326.048    4.56052
     326.068    4.51293
     326.088    4.46559
     326.108    4.41859
     326.128    4.37189
     326.148    4.32551
     326.168    4.27949
     326.188    4.23381
     326.208    4.18850
     326.228    4.14360
     326.248    4.09907
     326.268    4.05494
     326.288    4.01120
     326.308    3.96790
     326.328    3.92502
     326.348    3.88256
     326.368    3.84055
     326.388    3.79896
     326.408    3.75782
     326.428    3.71713
     326.448    3.67690
     326.468    3.63711
     326.488    3.59779
     326.508    3.55892
     326.528    3.52050
     326.548    3.48255
     326.568    3.44504
     326.588    3.40799
     326.608    3.37143
     326.628    3.33530
     326.648    3.29963
     326.668    3.26441
     326.688    3.22962
     326.708    3.19531
     326.728    3.16145
     326.748    3.12801
     326.768    3.09502
     326.788    3.06248
     326.808    3.03037
     326.828    2.99869
     326.848    2.96743
     326.868    2.93661
     326.888    2.90619
     326.908    2.87621
     326.928    2.84664
     326.948    2.81747
     326.968    2.78870
     326.988    2.76035
     327.008    2.73238
     327.029    2.70481
     327.049    2.67762
     327.069    2.65083
     327.089    2.62439
     327.109    2.59835
     327.139    2.55996
     327.169    2.52239
     327.199    2.48562
     327.229    2.44963
     327.259    2.41443
     327.289    2.37996
     327.319    2.34624
     327.349    2.31323
     327.379    2.28095
     327.409    2.24934
     327.439    2.21842
     327.469    2.18816
     327.499    2.15854
     327.529    2.12956
     327.559    2.10120
     327.589    2.07345
     327.619    2.04629
     327.649    2.01971
     327.679    1.99369
     327.709    1.96823
     327.739    1.94329
     327.769    1.91890
     327.799    1.89502
     327.829    1.87164
     327.859    1.84875
     327.889    1.82634
     327.919    1.80440
     327.949    1.78291
     327.979    1.76188
     328.009    1.74128
     328.039    1.72111
     328.070    1.70135
     328.100    1.68200
     328.130    1.66304
     328.160    1.64447
     328.190    1.62628
     328.220    1.60846
     328.250    1.59100
     328.280    1.57389
     328.310    1.55713
     328.340    1.54070
     328.370    1.52460
     328.400    1.50882
     328.430    1.49335
     328.460    1.47818
     328.490    1.46332
     328.520    1.44875
     328.560    1.42975
     328.600    1.41125
     328.640    1.39322
     328.680    1.37566
     328.720    1.35854
     328.760    1.34185
     328.800    1.32558
     328.840    1.30972
     328.880    1.29426
     328.920    1.27917
     328.960    1.26446
     329.000    1.25011
     329.040    1.23611
     329.081    1.22245
     329.121    1.20911
     329.161    1.19610
     329.201    1.18339
     329.241    1.17099
     329.281    1.15888
     329.321    1.14706
     329.361    1.13550
     329.401    1.12422
     329.451    1.11048
     329.501    1.09714
     329.551    1.08418
     329.601    1.07158
     329.651    1.05933
     329.701    1.04743
     329.751    1.03585
     329.801    1.02459
     329.851    1.01364
     329.901    1.00299
     329.951   0.992622
     330.001   0.982533
     330.051   0.972714
     330.112   0.961272
     330.172   0.950189
     330.232   0.939452
     330.292   0.929047
     330.352   0.918963
     330.412   0.909184
     330.472   0.899703
     330.532   0.890506
     330.592   0.881585
     330.662   0.871508
     330.732   0.861777
     330.802   0.852377
     330.872   0.843294
     330.942   0.834513
     331.012   0.826023
     331.082   0.817813
     331.163   0.808758
     331.243   0.800037
     331.323   0.791636
     331.403   0.783540
     331.483   0.775735
     331.573   0.767288
     331.663   0.759177
     331.753   0.751386
     331.843   0.743899
     331.943   0.735921
     332.043   0.728282
     332.143   0.720968
     332.254   0.713275
     332.364   0.705934
     332.474   0.698924
     332.594   0.691635
     332.714   0.684700
     332.844   0.677561
     332.974   0.670791
     333.114   0.663886
     333.265   0.656905
     333.415   0.650327
     333.575   0.643726
     333.745   0.637151
     333.925   0.630646
     334.115   0.624253
     334.316   0.618008
     334.536   0.611668
     334.766   0.605584
     335.016   0.599549
     335.297   0.593438
     335.607   0.587394
     335.947   0.581547
     336.338   0.575736
     336.798   0.569962
     337.359   0.564296
     338.109   0.558680
     339.431   0.553148
     343.445   0.558748
     344.536   0.564403
     345.436   0.570161
     346.227   0.575994
     346.938   0.581851
     347.599   0.587817
     348.209   0.593786
     348.790   0.599874
     349.340   0.606032
     349.861   0.612208
     350.361   0.618484
     350.842   0.624834
     351.302   0.631230
     351.743   0.637644
     352.173   0.644207
     352.583   0.650747
     352.984   0.657407
     353.374   0.664179
     353.755   0.671054
     354.125   0.678024
     354.475   0.684880
     354.826   0.692004
     355.166   0.699194
     355.496   0.706438
     355.817   0.713727
     356.127   0.721046
     356.427   0.728385
     356.727   0.735986
     357.018   0.743595
     357.298   0.751198
     357.578   0.759064
     357.849   0.766910
     358.109   0.774720
     358.369   0.782791
     358.619   0.790809
     358.870   0.799091
     359.110   0.807301
     359.350   0.815778
     359.580   0.824164
     359.810   0.832817
     360.031   0.841355
     360.251   0.850161
     360.461   0.858827
     360.671   0.867759
     360.882   0.876969
     361.082   0.886010
     361.282   0.895324
     361.472   0.904440
     361.662   0.913825
     361.852   0.923492
     362.033   0.932921
     362.213   0.942626
     362.393   0.952618
     362.563   0.962330
     362.733   0.972323
     362.904   0.982607
     363.064   0.992563
     363.224    1.00280
     363.384    1.01333
     363.544    1.02417
     363.694    1.03463
     363.844    1.04538
     363.995    1.05644
     364.145    1.06782
     364.285    1.07875
     364.425    1.08999
     364.565    1.10156
     364.705    1.11347
     364.835    1.12485
     364.966    1.13656
     365.096    1.14862
     365.226    1.16105
     365.346    1.17287
     365.466    1.18505
     365.586    1.19760
     365.706    1.21055
     365.816    1.22281
     365.926    1.23547
     366.037    1.24854
     366.147    1.26207
     366.257    1.27612
     366.357    1.28936
     366.457    1.30310
     366.557    1.31740
     366.647    1.33079
     366.737    1.34474
     366.827    1.35931
     366.917    1.37457
     366.997    1.38880
     367.078    1.40373
     367.158    1.41945
     367.228    1.43395
     367.298    1.44922
     367.368    1.46538
     367.438    1.48256
     367.498    1.49819
     367.558    1.51480
     367.618    1.53249
     367.668    1.54820
     367.718    1.56488
     367.768    1.58266
     367.818    1.60171
     367.858    1.61797
     367.898    1.63526
     367.938    1.65371
     367.978    1.67348
     368.018    1.69475
     368.059    1.71777
     368.089    1.73636
     368.119    1.75625
     368.149    1.77764
     368.179    1.80077
     368.209    1.82596
     368.239    1.85366
     368.259    1.87375
     368.279    1.89544
     368.299    1.91899
     368.319    1.94479
     368.339    1.97330
     368.359    2.00530
     368.379    2.04180
     368.399    2.08440
     368.409    2.10875
     368.419    2.13575
     368.429    2.16609
     368.439    2.20076
     368.449    2.24139
     368.459    2.29035
     368.469    2.35237
     368.479    2.43762
     368.489    2.57733
     368.499    3.73496
     368.509    2.58180
     368.519    2.44534
     368.529    2.36346
     368.539    2.30505
     368.549    2.25971
     368.559    2.22279
     368.569    2.19174
     368.579    2.16499
     368.589    2.14163
     368.609    2.10237
     368.629    2.07033
     368.649    2.04350
     368.669    2.02064
     368.699    1.99190
     368.729    1.96822
     368.759    1.94843
     368.799    1.92670
     368.849    1.90529
     368.909    1.88597
     368.999    1.86655
     369.650    1.88656
     369.770    1.90609
     369.880    1.92651
     369.980    1.94693
     370.070    1.96667
     370.161    1.98762
     370.251    2.00970
     370.331    2.03023
     370.411    2.05160
     370.491    2.07378
     370.571    2.09676
     370.651    2.12053
     370.721    2.14197
     370.791    2.16402
     370.861    2.18667
     370.931    2.20993
     371.001    2.23380
     371.071    2.25828
     371.142    2.28341
     371.212    2.30917
     371.282    2.33558
     371.352    2.36267
     371.422    2.39041
     371.482    2.41476
     371.542    2.43962
     371.602    2.46500
     371.662    2.49093
     371.722    2.51742
     371.782    2.54446
     371.842    2.57208
     371.902    2.60030
     371.962    2.62911
     372.022    2.65855
     372.082    2.68862
     372.143    2.71934
     372.203    2.75073
     372.263    2.78282
     372.323    2.81560
     372.383    2.84910
     372.443    2.88334
     372.493    2.91247
     372.543    2.94212
     372.593    2.97234
     372.643    3.00312
     372.693    3.03447
     372.743    3.06643
     372.793    3.09899
     372.843    3.13217
     372.893    3.16599
     372.943    3.20047
     372.993    3.23561
     373.043    3.27144
     373.093    3.30798
     373.143    3.34523
     373.194    3.38322
     373.244    3.42197
     373.294    3.46150
     373.344    3.50183
     373.394    3.54298
     373.444    3.58496
     373.494    3.62779
     373.544    3.67152
     373.594    3.71616
     373.644    3.76174
     373.694    3.80827
     373.744    3.85578
     373.794    3.90429
     373.834    3.94386
     373.874    3.98410
     373.914    4.02504
     373.954    4.06670
     373.994    4.10906
     374.034    4.15218
     374.074    4.19606
     374.114    4.24070
     374.154    4.28616
     374.195    4.33241
     374.235    4.37950
     374.275    4.42744
     374.315    4.47627
     374.355    4.52596
     374.395    4.57659
     374.435    4.62814
     374.475    4.68064
     374.515    4.73412
     374.555    4.78859
     374.595    4.84411
     374.635    4.90067
     374.675    4.95831
     374.715    5.01705
     374.755    5.07693
     374.795    5.13798
     374.835    5.20020
     374.875    5.26363
     374.915    5.32831
     374.955    5.39429
     374.995    5.46154
     375.035    5.53017
     375.075    5.60020
     375.115    5.67161
     375.155    5.74446
     375.195    5.81882
     375.236    5.89472
     375.276    5.97217
     375.316    6.05126
     375.356    6.13196
     375.396    6.21439
     375.426    6.27735
     375.456    6.34130
     375.486    6.40627
     375.516    6.47231
     375.546    6.53937
     375.576    6.60756
     375.606    6.67684
     375.636    6.74720
     375.666    6.81875
     375.696    6.89148
     375.726    6.96539
     375.756    7.04058
     375.786    7.11696
     375.816    7.19462
     375.846    7.27362
     375.876    7.35394
     375.906    7.43563
     375.936    7.51869
     375.966    7.60316
     375.996    7.68908
     376.026    7.77646
     376.056    7.86541
     376.086    7.95584
     376.116    8.04790
     376.146    8.14149
     376.176    8.23679
     376.206    8.33377
     376.237    8.43245
     376.267    8.53296
     376.297    8.63518
     376.327    8.73923
     376.357    8.84521
     376.387    8.95311
     376.417    9.06288
     376.447    9.17473
     376.477    9.28861
     376.507    9.40457
     376.537    9.52275
     376.567    9.64304
     376.597    9.76563
     376.627    9.89042
     383.844    9.75920
     383.874    9.64017
     383.904    9.52322
     383.934    9.40847
     383.964    9.29570
     383.994    9.18497
     384.024    9.07622
     384.054    8.96941
     384.084    8.86449
     384.114    8.76136
     384.144    8.66012
     384.174    8.56058
     384.204    8.46279
     384.234    8.36669
     384.264    8.27233
     384.294    8.17946
     384.324    8.08827
     384.354    7.99862
     384.384    7.91051
     384.414    7.82384
     384.445    7.73863
     384.475    7.65491
     384.505    7.57255
     384.535    7.49156
     384.565    7.41192
     384.595    7.33354
     384.625    7.25651
     384.655    7.18075
     384.685    7.10617
     384.715    7.03282
     384.745    6.96065
     384.775    6.88970
     384.805    6.81984
     384.835    6.75106
     384.865    6.68342
     384.895    6.61687
     384.925    6.55131
     384.965    6.46553
     385.005    6.38154
     385.045    6.29929
     385.085    6.21875
     385.125    6.13981
     385.165    6.06249
     385.205    5.98673
     385.245    5.91251
     385.285    5.83975
     385.325    5.76847
     385.365    5.69857
     385.405    5.63006
     385.445    5.56286
     385.486    5.49701
     385.526    5.43241
     385.566    5.36906
     385.606    5.30693
     385.646    5.24600
     385.686    5.18618
     385.726    5.12751
     385.766    5.06995
     385.806    5.01346
     385.846    4.95803
     385.886    4.90360
     385.926    4.85021
     385.966    4.79777
     386.006    4.74626
     386.046    4.69572
     386.086    4.64607
     386.126    4.59733
     386.166    4.54945
     386.206    4.50239
     386.246    4.45620
     386.286    4.41080
     386.326    4.36622
     386.366    4.32239
     386.406    4.27931
     386.456    4.22653
     386.507    4.17487
     386.557    4.12431
     386.607    4.07480
     386.657    4.02633
     386.707    3.97888
     386.757    3.93243
     386.807    3.88691
     386.857    3.84233
     386.907    3.79865
     386.957    3.75587
     387.007    3.71394
     387.057    3.67286
     387.107    3.63259
     387.157    3.59312
     387.207    3.55444
     387.257    3.51649
     387.307    3.47930
     387.357    3.44283
     387.407    3.40705
     387.457    3.37196
     387.508    3.33755
     387.558    3.30378
     387.608    3.27065
     387.658    3.23815
     387.718    3.19993
     387.778    3.16259
     387.838    3.12605
     387.898    3.09033
     387.958    3.05537
     388.018    3.02119
     388.078    2.98775
     388.138    2.95502
     388.198    2.92300
     388.258    2.89166
     388.318    2.86098
     388.378    2.83095
     388.438    2.80155
     388.498    2.77277
     388.559    2.74458
     388.619    2.71699
     388.679    2.68996
     388.749    2.65914
     388.819    2.62905
     388.889    2.59967
     388.959    2.57100
     389.029    2.54300
     389.099    2.51567
     389.169    2.48897
     389.239    2.46290
     389.309    2.43744
     389.379    2.41256
     389.449    2.38824
     389.519    2.36449
     389.600    2.33798
     389.680    2.31212
     389.760    2.28690
     389.840    2.26226
     389.920    2.23817
     390.000    2.21458
     390.080    2.19145
     390.160    2.16871
     390.240    2.14623
     390.320    2.12416
     390.400    2.10250
     390.480    2.08126
     390.560    2.06045
     390.651    2.03755
     390.741    2.01522
     390.831    1.99343
     390.921    1.97219
     391.011    1.95148
     391.101    1.93130
     391.191    1.91163
     391.281    1.89246
     391.381    1.87173
     391.481    1.85158
     391.581    1.83198
     391.682    1.81292
     391.782    1.79437
     391.882    1.77632
     391.992    1.75703
     392.102    1.73829
     392.212    1.72009
     392.322    1.70240
     392.432    1.68520
     392.542    1.66849
     392.663    1.65078
     392.783    1.63360
     392.903    1.61693
     393.023    1.60074
     393.153    1.58373
     393.283    1.56725
     393.413    1.55127
     393.543    1.53578
     393.684    1.51963
     393.824    1.50400
     393.964    1.48887
     394.114    1.47319
     394.264    1.45804
     394.414    1.44340
     394.574    1.42831
     394.735    1.41376
     394.895    1.39972
     395.065    1.38533
     395.235    1.37146
     395.415    1.35733
     395.595    1.34374
     395.786    1.32994
     395.976    1.31670
     396.176    1.30332
     396.386    1.28986
     396.596    1.27698
     396.817    1.26408
     397.047    1.25120
     397.287    1.23839
     397.537    1.22570
     397.798    1.21317
     398.068    1.20083
     398.348    1.18873
     398.638    1.17690
     398.949    1.16499
     399.269    1.15345
     399.609    1.14197
     399.970    1.13065
     400.360    1.11927
     400.780    1.10800
     401.231    1.09695
     401.721    1.08604
     402.262    1.07527
     402.872    1.06455
     403.573    1.05396
     404.414    1.04342
     405.485    1.03306
     407.147    1.02282
     413.253    1.03320
     414.484    1.04368
     415.455    1.05424
     416.266    1.06489
     416.966    1.07571
     417.577    1.08664
     418.117    1.09777
     418.598    1.10910
     419.018    1.12040
     419.399    1.13205
     419.729    1.14353
     420.029    1.15534
     420.299    1.16735
     420.540    1.17939
     420.760    1.19180
     420.960    1.20446
     421.140    1.21720
     421.300    1.22981
     421.451    1.24291
     421.591    1.25647
     421.711    1.26927
     421.821    1.28211
     421.931    1.29616
     422.031    1.31013
     422.121    1.32381
     422.211    1.33868
     422.291    1.35301
     422.372    1.36853
     422.442    1.38319
     422.512    1.39897
     422.572    1.41349
     422.632    1.42900
     422.692    1.44563
     422.742    1.46040
     422.792    1.47609
     422.842    1.49277
     422.892    1.51054
     422.942    1.52947
     422.982    1.54554
     423.022    1.56249
     423.062    1.58038
     423.102    1.59930
     423.142    1.61931
     423.182    1.64050
     423.212    1.65723
     423.242    1.67472
     423.272    1.69301
     423.302    1.71216
     423.332    1.73222
     423.362    1.75323
     423.393    1.77528
     423.423    1.79842
     423.453    1.82272
     423.483    1.84826
     423.513    1.87512
     423.543    1.90340
     423.563    1.92307
     423.583    1.94345
     423.603    1.96455
     423.623    1.98643
     423.643    2.00909
     423.663    2.03261
     423.683    2.05699
     423.703    2.08230
     423.723    2.10858
     423.743    2.13587
     423.763    2.16422
     423.783    2.19365
     423.803    2.22427
     423.823    2.25612
     423.843    2.28930
     423.863    2.32379
     423.883    2.35972
     423.903    2.39714
     423.923    2.43615
     423.943    2.47686
     423.963    2.51929
     423.983    2.56359
     424.003    2.60988
     424.023    2.65820
     424.043    2.70876
     424.063    2.76165
     424.083    2.81695
     424.093    2.84562
     424.103    2.87492
     424.113    2.90496
     424.123    2.93566
     424.133    2.96710
     424.143    2.99936
     424.153    3.03235
     424.163    3.06621
     424.173    3.10085
     424.183    3.13642
     424.193    3.17282
     424.203    3.21021
     424.213    3.24849
     424.223    3.28784
     424.233    3.32814
     424.243    3.36959
     424.253    3.41206
     424.263    3.45576
     424.273    3.50057
     424.283    3.54670
     424.293    3.59412
     424.303    3.64279
     424.313    3.69294
     424.323    3.74455
     424.333    3.79758
     424.343    3.85229
     424.353    3.90865
     424.363    3.96665
     424.373    4.02656
     424.383    4.08837
     424.393    4.15218
     424.404    4.21797
     424.414    4.28609
     424.424    4.35654
     424.434    4.42945
     424.444    4.50497
     424.454    4.58311
     424.464    4.66431
     424.474    4.74864
     424.484    4.83629
     424.494    4.92751
     424.504    5.02253
     424.514    5.12165
     424.524    5.22501
     424.534    5.33332
     424.544    5.44682
     424.554    5.56598
     424.564    5.69132
     424.574    5.82347
     424.584    5.96312
     424.594    6.11113
     424.604    6.26847
     424.614    6.43631
     424.624    6.61608
     424.634    6.80948
     424.644    7.01866
     424.654    7.24674
     424.664    7.49630
     424.674    7.77226
     424.684    8.08066
     424.694    8.42994
     424.704    8.83234
     424.714    9.30662
     424.724    9.88377
     424.814    9.30314
     424.824    8.83058
     424.834    8.42961
     424.844    8.08097
     424.854    7.77373
     424.864    7.49884
     424.874    7.24983
     424.884    7.02312
     424.894    6.81483
     424.904    6.62193
     424.914    6.44301
     424.924    6.27569
     424.934    6.11916
     424.944    5.97195
     424.954    5.83282
     424.964    5.70145
     424.974    5.57664
     424.984    5.45824
     424.994    5.34528
     425.004    5.23771
     425.014    5.13472
     425.024    5.03616
     425.034    4.94187
     425.044    4.85122
     425.054    4.76430
     425.064    4.68053
     425.074    4.59990
     425.084    4.52234
     425.094    4.44739
     425.104    4.37519
     425.114    4.30531
     425.124    4.23777
     425.134    4.17244
     425.144    4.10933
     425.154    4.04810
     425.164    3.98877
     425.174    3.93136
     425.184    3.87558
     425.194    3.82145
     425.204    3.76891
     425.214    3.71789
     425.224    3.66841
     425.234    3.62024
     425.244    3.57341
     425.254    3.52786
     425.264    3.48356
     425.274    3.44045
     425.284    3.39848
     425.294    3.35770
     425.304    3.31791
     425.314    3.27915
     425.324    3.24138
     425.334    3.20457
     425.344    3.16869
     425.354    3.13371
     425.364    3.09960
     425.374    3.06632
     425.384    3.03386
     425.394    3.00219
     425.404    2.97127
     425.414    2.94110
     425.424    2.91164
     425.445    2.85478
     425.465    2.80049
     425.485    2.74872
     425.505    2.69927
     425.525    2.65197
     425.545    2.60679
     425.565    2.56353
     425.585    2.52217
     425.605    2.48253
     425.625    2.44460
     425.645    2.40821
     425.665    2.37333
     425.685    2.33988
     425.705    2.30782
     425.725    2.27701
     425.745    2.24744
     425.765    2.21903
     425.785    2.19173
     425.805    2.16550
     425.825    2.14025
     425.845    2.11599
     425.865    2.09265
     425.885    2.07019
     425.905    2.04855
     425.925    2.02772
     425.945    2.00765
     425.975    1.97891
     426.005    1.95171
     426.035    1.92594
     426.065    1.90154
     426.095    1.87838
     426.125    1.85642
     426.155    1.83557
     426.185    1.81577
     426.215    1.79695
     426.245    1.77905
     426.285    1.75656
     426.325    1.73548
     426.365    1.71574
     426.405    1.69723
     426.445    1.67985
     426.496    1.65962
     426.546    1.64089
     426.596    1.62355
     426.646    1.60747
     426.706    1.58969
     426.766    1.57342
     426.836    1.55617
     426.906    1.54057
     426.986    1.52457
     427.076    1.50860
     427.176    1.49309
     427.296    1.47714
     427.436    1.46165
     427.607    1.44658
     427.827    1.43197
     428.167    1.41765
     430.089    1.43217
     430.499    1.44691
     430.850    1.46173
     431.170    1.47698
     431.460    1.49219
     431.731    1.50753
     431.981    1.52279
     432.221    1.53841
     432.451    1.55431
     432.672    1.57042
     432.882    1.58666
     433.082    1.60297
     433.272    1.61926
     433.462    1.63640
     433.643    1.65347
     433.813    1.67039
     433.983    1.68816
     434.143    1.70572
     434.293    1.72300
     434.443    1.74112
     434.583    1.75889
     434.724    1.77756
     434.854    1.79578
     434.984    1.81496
     435.104    1.83360
     435.224    1.85325
     435.334    1.87226
     435.444    1.89233
     435.544    1.91161
     435.644    1.93200
     435.745    1.95363
     435.835    1.97430
     435.925    1.99624
     436.005    2.01695
     436.085    2.03893
     436.165    2.06230
     436.235    2.08402
     436.305    2.10705
     436.375    2.13150
     436.435    2.15369
     436.495    2.17708
     436.555    2.20177
     436.615    2.22778
     436.665    2.25052
     436.716    2.27422
     436.766    2.29888
     436.816    2.32446
     436.866    2.35090
     436.916    2.37808
     436.966    2.40585
     437.016    2.43398
     437.066    2.46220
     437.116    2.49015
     437.166    2.51737
     437.216    2.54329
     437.276    2.57178
     437.346    2.60494
     437.646    2.63163
     437.947    2.65864
     438.087    2.68665
     438.187    2.71395
     438.277    2.74374
     438.357    2.77426
     438.427    2.80392
     438.497    2.83616
     438.557    2.86566
     438.617    2.89668
     438.677    2.92894
     438.737    2.96214
     438.798    2.99589
     438.858    3.02972
     438.918    3.06304
     438.978    3.09516
     439.048    3.13003
     439.128    3.16500
     439.338    3.19750
     439.939    3.23067
     440.119    3.26426
     440.249    3.29809
     440.359    3.33299
     440.459    3.36966
     440.549    3.40665
     440.629    3.44268
     440.709    3.48170
     440.779    3.51830
     440.850    3.55722
     440.920    3.59849
     440.980    3.63578
     441.040    3.67489
     441.100    3.71585
     441.160    3.75873
     441.220    3.80360
     441.270    3.84254
     441.320    3.88297
     441.370    3.92495
     441.420    3.96849
     441.470    4.01371
     441.520    4.06067
     441.570    4.10942
     441.620    4.16008
     441.670    4.21274
     441.710    4.25634
     441.750    4.30135
     441.790    4.34780
     441.831    4.39578
     441.871    4.44531
     441.911    4.49650
     441.951    4.54939
     441.991    4.60405
     442.031    4.66056
     442.071    4.71899
     442.111    4.77944
     442.151    4.84195
     442.191    4.90658
     442.221    4.95650
     442.251    5.00768
     442.281    5.06012
     442.311    5.11386
     442.341    5.16889
     442.371    5.22523
     442.401    5.28289
     442.431    5.34180
     442.461    5.40201
     442.491    5.46345
     442.521    5.52606
     442.551    5.58978
     442.581    5.65452
     442.611    5.72019
     442.641    5.78666
     442.671    5.85381
     442.701    5.92140
     442.731    5.98930
     442.761    6.05723
     442.791    6.12493
     442.821    6.19210
     442.852    6.25839
     442.882    6.32343
     442.922    6.40750
     442.962    6.48750
     443.002    6.56326
     443.052    6.63717
     443.112    6.70898
     443.182    6.78193
     443.262    6.85812
     443.342    6.93356
     443.422    7.01372
     443.492    7.09087
     443.552    7.16377
     443.612    7.24381
     443.672    7.33158
     443.722    7.41100
     443.772    7.49624
     443.822    7.58750
     443.862    7.66491
     443.903    7.74627
     443.943    7.83161
     443.983    7.92097
     444.023    8.01442
     444.063    8.11198
     444.103    8.21367
     444.143    8.31956
     444.183    8.42967
     444.213    8.51507
     444.243    8.60296
     444.273    8.69333
     444.303    8.78614
     444.333    8.88154
     444.363    8.97952
     444.393    9.08010
     444.423    9.18333
     444.453    9.28933
     444.483    9.39799
     444.513    9.50952
     444.543    9.62382
     444.573    9.74108
     444.603    9.86129
     444.633    9.98452
     451.400    9.86635
     451.430    9.74003
     451.460    9.61633
     451.490    9.49532
     451.520    9.37687
     451.550    9.26082
     451.580    9.14720
     451.610    9.03594
     451.640    8.92696
     451.670    8.82023
     451.700    8.71568
     451.730    8.61325
     451.760    8.51289
     451.790    8.41448
     451.820    8.31805
     451.850    8.22359
     451.880    8.13094
     451.910    8.04012
     451.940    7.95108
     451.970    7.86377
     452.000    7.77810
     452.030    7.69414
     452.060    7.61173
     452.091    7.53095
     452.121    7.45166
     452.151    7.37386
     452.181    7.29753
     452.211    7.22262
     452.241    7.14911
     452.271    7.07692
     452.301    7.00610
     452.331    6.93654
     452.371    6.84579
     452.411    6.75718
     452.451    6.67073
     452.491    6.58630
     452.531    6.50387
     452.571    6.42334
     452.611    6.34472
     452.651    6.26789
     452.691    6.19283
     452.731    6.11948
     452.771    6.04781
     452.811    5.97773
     452.851    5.90922
     452.891    5.84224
     452.931    5.77674
     452.971    5.71270
     453.011    5.65002
     453.051    5.58872
     453.091    5.52874
     453.132    5.47005
     453.172    5.41262
     453.212    5.35639
     453.252    5.30135
     453.292    5.24746
     453.332    5.19471
     453.372    5.14305
     453.422    5.07994
     453.472    5.01846
     453.522    4.95853
     453.572    4.90012
     453.622    4.84315
     453.672    4.78758
     453.722    4.73341
     453.772    4.68054
     453.822    4.62897
     453.872    4.57865
     453.922    4.52952
     453.972    4.48157
     454.022    4.43474
     454.072    4.38904
     454.122    4.34438
     454.173    4.30077
     454.223    4.25816
     454.283    4.20832
     454.343    4.15985
     454.403    4.11268
     454.463    4.06677
     454.523    4.02210
     454.583    3.97861
     454.643    3.93625
     454.703    3.89502
     454.763    3.85484
     454.823    3.81571
     454.883    3.77757
     454.953    3.73431
     455.023    3.69232
     455.093    3.65155
     455.164    3.61196
     455.234    3.57352
     455.304    3.53618
     455.374    3.49989
     455.444    3.46462
     455.524    3.42553
     455.604    3.38767
     455.684    3.35100
     455.764    3.31548
     455.844    3.28106
     455.924    3.24770
     456.004    3.21536
     456.094    3.18015
     456.185    3.14613
     456.275    3.11326
     456.365    3.08149
     456.455    3.05077
     456.555    3.01782
     456.655    2.98607
     456.755    2.95547
     456.855    2.92596
     456.965    2.89472
     457.075    2.86469
     457.185    2.83582
     457.306    2.80559
     457.426    2.77662
     457.546    2.74885
     457.676    2.72005
     457.806    2.69253
     457.946    2.66424
     458.086    2.63730
     458.237    2.60983
     458.387    2.58375
     458.547    2.55737
     458.717    2.53087
     458.897    2.50446
     459.077    2.47962
     459.268    2.45502
     459.478    2.42966
     459.698    2.40500
     459.938    2.38020
     460.188    2.35654
     460.469    2.33250
     460.779    2.30870
     461.119    2.28574
     461.520    2.26264
     462.000    2.24006
     462.651    2.21772
     465.874    2.24046
     466.294    2.26371
     466.625    2.28708
     466.895    2.31025
     467.135    2.33450
     467.345    2.35906
     467.526    2.38301
     467.696    2.40849
     467.846    2.43363
     467.986    2.45969
     468.116    2.48642
     468.236    2.51357
     468.346    2.54080
     468.446    2.56775
     468.537    2.59399
     468.627    2.62230
     468.707    2.64939
     468.787    2.67847
     468.857    2.70571
     468.927    2.73475
     468.997    2.76578
     469.057    2.79407
     469.117    2.82405
     469.177    2.85587
     469.237    2.88963
     469.287    2.91937
     469.337    2.95067
     469.387    2.98360
     469.437    3.01830
     469.487    3.05484
     469.538    3.09334
     469.578    3.12563
     469.618    3.15932
     469.658    3.19444
     469.698    3.23107
     469.738    3.26926
     469.778    3.30909
     469.818    3.35059
     469.858    3.39380
     469.898    3.43882
     469.928    3.47377
     469.958    3.50975
     469.988    3.54680
     470.018    3.58488
     470.048    3.62405
     470.078    3.66428
     470.108    3.70556
     470.138    3.74788
     470.168    3.79121
     470.198    3.83554
     470.228    3.88082
     470.258    3.92702
     470.288    3.97407
     470.318    4.02185
     470.348    4.07035
     470.378    4.11942
     470.408    4.16894
     470.438    4.21878
     470.468    4.26880
     470.498    4.31877
     470.529    4.36854
     470.559    4.41781
     470.589    4.46640
     470.619    4.51398
     470.649    4.56025
     470.689    4.61927
     470.729    4.67440
     470.769    4.72461
     470.819    4.77869
     470.879    4.83359
     471.049    4.78128
     471.119    4.72936
     471.179    4.67725
     471.229    4.63067
     471.279    4.58270
     471.329    4.53450
     471.379    4.48705
     471.429    4.44111
     471.489    4.38891
     471.549    4.34072
     471.610    4.29718
     471.680    4.25289
     471.770    4.20696
     471.900    4.16346
     472.310    4.20682
     472.400    4.25328
     472.470    4.29887
     472.530    4.34468
     472.591    4.39689
     472.641    4.44541
     472.691    4.49863
     472.731    4.54468
     472.771    4.59392
     472.811    4.64644
     472.851    4.70232
     472.891    4.76170
     472.931    4.82468
     472.961    4.87431
     472.991    4.92612
     473.021    4.98014
     473.051    5.03640
     473.081    5.09497
     473.111    5.15596
     473.141    5.21935
     473.171    5.28530
     473.201    5.35383
     473.231    5.42502
     473.261    5.49893
     473.291    5.57564
     473.321    5.65523
     473.351    5.73777
     473.381    5.82338
     473.411    5.91210
     473.431    5.97300
     473.451    6.03533
     473.471    6.09911
     473.491    6.16438
     473.511    6.23120
     473.531    6.29948
     473.551    6.36936
     473.571    6.44075
     473.591    6.51377
     473.612    6.58832
     473.632    6.66455
     473.652    6.74240
     473.672    6.82182
     473.692    6.90295
     473.712    6.98574
     473.732    7.07020
     473.752    7.15632
     473.772    7.24410
     473.792    7.33356
     473.812    7.42468
     473.832    7.51745
     473.852    7.61194
     473.872    7.70797
     473.892    7.80561
     473.912    7.90482
     473.932    8.00566
     473.952    8.10792
     473.972    8.21174
     473.992    8.31688
     474.012    8.42346
     474.032    8.53134
     474.052    8.64044
     474.072    8.75058
     474.092    8.86186
     474.112    8.97409
     474.132    9.08714
     474.152    9.20091
     474.172    9.31526
     474.192    9.43004
     474.212    9.54508
     474.232    9.66023
     474.252    9.77538
     474.272    9.89015
     475.083    9.99697
     475.103    9.88156
     475.123    9.76551
     475.143    9.64923
     475.163    9.53274
     475.183    9.41641
     475.203    9.30023
     475.223    9.18445
     475.243    9.06931
     475.263    8.95476
     475.283    8.84101
     475.303    8.72818
     475.323    8.61638
     475.343    8.50568
     475.363    8.39617
     475.383    8.28793
     475.403    8.18092
     475.423    8.07539
     475.443    7.97130
     475.463    7.86868
     475.483    7.76749
     475.503    7.66793
     475.523    7.56986
     475.543    7.47347
     475.563    7.37860
     475.583    7.28535
     475.603    7.19381
     475.623    7.10382
     475.643    7.01547
     475.664    6.92874
     475.684    6.84364
     475.704    6.76016
     475.724    6.67828
     475.744    6.59800
     475.764    6.51930
     475.784    6.44217
     475.804    6.36658
     475.824    6.29246
     475.844    6.21992
     475.864    6.14887
     475.884    6.07923
     475.904    6.01109
     475.924    5.94432
     475.944    5.87901
     475.964    5.81502
     475.984    5.75239
     476.004    5.69114
     476.024    5.63115
     476.044    5.57244
     476.064    5.51498
     476.084    5.45876
     476.104    5.40375
     476.124    5.34992
     476.154    5.27134
     476.184    5.19529
     476.214    5.12164
     476.244    5.05041
     476.274    4.98142
     476.304    4.91469
     476.334    4.85007
     476.364    4.78752
     476.394    4.72696
     476.424    4.66831
     476.454    4.61156
     476.484    4.55660
     476.514    4.50336
     476.544    4.45182
     476.574    4.40188
     476.604    4.35349
     476.634    4.30662
     476.664    4.26121
     476.695    4.21717
     476.725    4.17452
     476.755    4.13317
     476.795    4.07998
     476.835    4.02894
     476.875    3.97993
     476.915    3.93287
     476.955    3.88765
     476.995    3.84423
     477.035    3.80248
     477.075    3.76235
     477.115    3.72377
     477.155    3.68667
     477.205    3.64225
     477.255    3.59992
     477.305    3.55955
     477.355    3.52103
     477.405    3.48429
     477.455    3.44920
     477.515    3.40919
     477.575    3.37129
     477.635    3.33540
     477.695    3.30138
     477.766    3.26392
     477.836    3.22869
     477.906    3.19555
     477.986    3.16004
     478.066    3.12687
     478.146    3.09589
     478.236    3.06342
     478.336    3.03008
     478.436    2.99937
     478.546    2.96838
     478.666    2.93759
     478.797    2.90743
     478.937    2.87830
     479.097    2.84881
     479.277    2.81988
     479.487    2.79112
     479.737    2.76288
     480.048    2.73551
     480.498    2.70804
     483.181    2.73548
     483.581    2.76336
     483.902    2.79142
     484.172    2.81999
     484.402    2.84865
     484.602    2.87754
     484.782    2.90736
     484.943    2.93755
     485.083    2.96737
     485.213    2.99845
     485.333    3.03058
     485.443    3.06344
     485.543    3.09665
     485.633    3.12968
     485.713    3.16194
     485.793    3.19731
     485.863    3.23120
     485.934    3.26818
     485.994    3.30269
     486.054    3.34012
     486.114    3.38082
     486.164    3.41756
     486.214    3.45714
     486.264    3.49991
     486.304    3.53668
     486.344    3.57591
     486.384    3.61789
     486.424    3.66285
     486.464    3.71114
     486.494    3.74974
     486.524    3.79057
     486.554    3.83380
     486.584    3.87968
     486.614    3.92837
     486.644    3.98021
     486.674    4.03541
     486.704    4.09439
     486.724    4.13596
     486.744    4.17949
     486.764    4.22517
     486.784    4.27307
     486.804    4.32342
     486.824    4.37645
     486.844    4.43233
     486.864    4.49139
     486.884    4.55389
     486.904    4.62014
     486.924    4.69065
     486.945    4.76586
     486.965    4.84635
     486.985    4.93277
     487.005    5.02613
     487.025    5.12745
     487.035    5.18153
     487.045    5.23815
     487.055    5.29756
     487.065    5.36005
     487.075    5.42593
     487.085    5.49572
     487.095    5.56963
     487.105    5.64834
     487.115    5.73249
     487.125    5.82290
     487.135    5.92058
     487.145    6.02681
     487.155    6.14325
     487.165    6.27233
     487.175    6.41663
     487.185    6.58062
     487.195    6.77065
     487.205    6.99676
     487.215    7.27681
     487.225    7.64411
     487.235    8.18356
     487.245    9.25933
     487.265    8.22543
     487.275    7.68728
     487.285    7.32610
     487.295    7.05503
     487.305    6.83826
     487.315    6.65779
     487.325    6.50395
     487.335    6.36998
     487.345    6.25138
     487.355    6.14548
     487.365    6.04972
     487.375    5.96271
     487.385    5.88290
     487.395    5.80950
     487.405    5.74148
     487.415    5.67836
     487.425    5.61942
     487.445    5.51264
     487.465    5.41826
     487.485    5.33414
     487.505    5.25867
     487.525    5.19061
     487.545    5.12893
     487.565    5.07293
     487.585    5.02191
     487.615    4.95351
     487.645    4.89368
     487.675    4.84124
     487.715    4.78115
     487.755    4.73074
     487.805    4.67921
     487.865    4.63129
     487.956    4.58183
     488.136    4.53624
     488.526    4.48642
     488.606    4.44150
     488.686    4.39094
     488.756    4.34275
     488.816    4.29939
     488.876    4.25479
     488.936    4.20949
     488.997    4.16394
     489.057    4.11854
     489.117    4.07365
     489.177    4.02951
     489.237    3.98639
     489.297    3.94446
     489.357    3.90386
     489.417    3.86471
     489.487    3.82096
     489.557    3.77935
     489.627    3.73992
     489.697    3.70267
     489.777    3.66275
     489.857    3.62556
     489.947    3.58689
     490.048    3.54766
     490.148    3.51211
     490.258    3.47697
     490.388    3.44032
     490.528    3.40618
     490.698    3.37126
     490.908    3.33660
     491.179    3.30334
     491.609    3.27046
     494.011    3.30351
     494.592    3.33728
     495.102    3.37127
     495.573    3.40557
     496.023    3.44073
     496.454    3.47625
     496.864    3.51172
     497.265    3.54777
     497.655    3.58421
     498.035    3.62092
     498.406    3.65778
     498.776    3.69573
     499.136    3.73371
     499.487    3.77165
     499.837    3.81059
     500.177    3.84943
     500.518    3.88933
     500.848    3.92914
     501.168    3.96889
     501.489    4.00998
     501.799    4.05135
     502.099    4.09337
     502.380    4.13509
     502.640    4.17702
     502.880    4.21961
     503.100    4.26267
     503.310    4.30632
     503.541    4.35065
     503.941    4.39531
     504.341    4.44004
     504.742    4.48489
     505.132    4.53083
     505.473    4.57665
     505.793    4.62350
     506.103    4.67135
     506.404    4.71943
     506.694    4.76729
     506.984    4.81637
     507.274    4.86660
     507.555    4.91613
     507.835    4.96667
     508.115    5.01820
     508.395    5.07073
     508.666    5.12233
     508.936    5.17487
     509.206    5.22837
     509.477    5.28284
     509.737    5.33622
     509.997    5.39053
     510.257    5.44579
     510.518    5.50201
     510.778    5.55923
     511.038    5.61744
     511.288    5.67439
     511.539    5.73231
     511.789    5.79122
     512.039    5.85114
     512.289    5.91209
     512.539    5.97409
     512.780    6.03464
     513.020    6.09620
     513.260    6.15879
     513.500    6.22244
     513.741    6.28718
     513.981    6.35303
     514.221    6.41999
     514.451    6.48526
     514.682    6.55161
     514.912    6.61907
     515.142    6.68766
     515.372    6.75741
     515.602    6.82833
     515.823    6.89732
     516.043    6.96742
     516.263    7.03869
     516.483    7.11112
     516.704    7.18477
     516.924    7.25965
     517.144    7.33578
     517.364    7.41320
     517.574    7.48833
     517.785    7.56468
     517.995    7.64228
     518.205    7.72117
     518.415    7.80135
     518.625    7.88287
     518.836    7.96574
     519.046    8.05003
     519.246    8.13161
     519.446    8.21451
     519.646    8.29877
     519.847    8.38439
     520.047    8.47143
     520.247    8.55991
     520.447    8.64985
     520.647    8.74130
     520.848    8.83428
     521.038    8.92407
     521.228    9.01529
     521.418    9.10799
     521.608    9.20221
     521.799    9.29797
     521.989    9.39531
     522.179    9.49426
     522.369    9.59485
     522.559    9.69711
     522.739    9.79559
     522.920    9.89564
     523.100    9.99730
     593.869    9.89685
     594.089    9.79807
     594.319    9.69672
     594.549    9.59730
     594.780    9.49975
     595.010    9.40404
     595.240    9.31012
     595.480    9.21400
     595.721    9.11973
     595.961    9.02729
     596.201    8.93665
     596.441    8.84774
     596.692    8.75695
     596.942    8.66796
     597.192    8.58075
     597.442    8.49528
     597.703    8.40818
     597.963    8.32289
     598.223    8.23935
     598.483    8.15752
     598.754    8.07434
     599.024    7.99293
     599.294    7.91327
     599.574    7.83246
     599.855    7.75346
     600.135    7.67622
     600.425    7.59805
     600.716    7.52172
     601.006    7.44717
     601.306    7.37191
     601.606    7.29851
     601.917    7.22459
     602.227    7.15259
     602.547    7.08026
     602.868    7.00993
     603.198    6.93949
     603.538    6.86910
     603.879    6.80090
     604.229    6.73300
     604.589    6.66558
     604.960    6.59885
     605.340    6.53305
     605.740    6.46679
     606.151    6.40213
     606.581    6.33793
     607.032    6.27484
     607.512    6.21234
     608.033    6.15051
     608.613    6.08930
     609.294    6.02900
     610.235    5.96925
     612.937    6.02995
     613.378    6.09250
     613.708    6.15476
     613.978    6.21730
     614.219    6.28302
     614.429    6.34945
     614.609    6.41384
     614.779    6.48169
     614.929    6.54783
     615.070    6.61538
     615.200    6.68361
     615.320    6.75171
     615.440    6.82512
     615.550    6.89747
     615.650    6.96777
     615.750    7.04268
     615.840    7.11435
     615.930    7.19030
     616.020    7.27081
     616.101    7.34648
     616.181    7.42626
     616.261    7.51040
     616.331    7.58783
     616.401    7.66900
     616.471    7.75412
     616.541    7.84346
     616.601    7.92354
     616.661    8.00705
     616.721    8.09414
     616.781    8.18504
     616.841    8.27990
     616.901    8.37895
     616.951    8.46484
     617.001    8.55393
     617.051    8.64639
     617.102    8.74229
     617.152    8.84188
     617.202    8.94527
     617.252    9.05266
     617.302    9.16422
     617.352    9.28020
     617.392    9.37625
     617.432    9.47534
     617.472    9.57759
     617.512    9.68311
     617.552    9.79211
     617.592    9.90458
     623.698    9.77606
     623.728    9.67804
     623.758    9.58219
     623.798    9.45775
     623.838    9.33711
     623.878    9.21999
     623.918    9.10633
     623.958    8.99605
     623.998    8.88892
     624.038    8.78486
     624.078    8.68370
     624.118    8.58548
     624.158    8.49000
     624.198    8.39714
     624.238    8.30688
     624.279    8.21905
     624.319    8.13360
     624.359    8.05050
     624.399    7.96956
     624.449    7.87135
     624.499    7.77640
     624.549    7.68451
     624.599    7.59552
     624.649    7.50935
     624.699    7.42591
     624.749    7.34499
     624.799    7.26658
     624.849    7.19056
     624.899    7.11679
     624.949    7.04525
     625.009    6.96212
     625.069    6.88192
     625.129    6.80445
     625.189    6.72961
     625.249    6.65729
     625.310    6.58737
     625.370    6.51971
     625.430    6.45425
     625.500    6.38053
     625.570    6.30950
     625.640    6.24107
     625.710    6.17505
     625.780    6.11137
     625.850    6.04989
     625.930    5.98223
     626.010    5.91716
     626.090    5.85455
     626.170    5.79429
     626.250    5.73625
     626.341    5.67346
     626.431    5.61318
     626.521    5.55527
     626.611    5.49962
     626.711    5.44025
     626.811    5.38336
     626.911    5.32877
     627.021    5.27126
     627.131    5.21622
     627.241    5.16350
     627.362    5.10849
     627.482    5.05591
     627.602    5.00560
     627.732    4.95350
     627.862    4.90375
     628.002    4.85261
     628.142    4.80383
     628.292    4.75400
     628.443    4.70652
     628.603    4.65827
     628.773    4.60952
     628.943    4.56317
     629.123    4.51651
     629.313    4.46975
     629.504    4.42535
     629.704    4.38096
     629.914    4.33673
     630.134    4.29280
     630.364    4.24929
     630.605    4.20631
     630.855    4.16392
     631.115    4.12219
     631.385    4.08120
     631.676    4.03957
     631.976    3.99889
     632.286    3.95917
     632.617    3.91923
     632.957    3.88037
     633.317    3.84152
     633.698    3.80283
     634.098    3.76443
     634.518    3.72643
     634.959    3.68891
     635.419    3.65194
     635.900    3.61560
     636.410    3.57923
     636.941    3.54365
     637.501    3.50828
     638.092    3.47323
     638.713    3.43863
     639.363    3.40458
     640.054    3.37070
     640.785    3.33716
     641.565    3.30371
     642.386    3.27098
     643.267    3.23842
     644.208    3.20633
     645.229    3.17445
     646.350    3.14276
     647.591    3.11158
     649.023    3.08072
     650.844    3.05014
     655.769    3.08140
     656.260    3.11295
     656.630    3.14516
     656.930    3.17708
     657.201    3.20981
     657.461    3.24354
     657.721    3.27673
     658.041    3.31019
     658.892    3.27625
     659.133    3.24283
     659.363    3.20935
     659.593    3.17678
     659.833    3.14521
     660.103    3.11347
     660.414    3.08220
     660.784    3.05156
     661.255    3.02133
     661.915    2.99104
     662.966    2.96139
     665.909    2.93206
     672.375    2.96174
     674.768    2.99171
     676.650    3.02196
     678.261    3.05266
     679.683    3.08358
     680.974    3.11493
     682.155    3.14644
     683.256    3.17837
     684.287    3.21061
     685.258    3.24315
     686.179    3.27604
     687.060    3.30943
     687.901    3.34316
     688.701    3.37702
     689.472    3.41130
     690.213    3.44587
     690.934    3.48109
     691.624    3.51638
     692.295    3.55213
     692.945    3.58829
     693.576    3.62477
     694.187    3.66149
     694.787    3.69900
     695.368    3.73663
     695.938    3.77497
     696.489    3.81329
     697.029    3.85223
     697.560    3.89177
     698.070    3.93109
     698.571    3.97090
     699.061    4.01117
     699.542    4.05186
     700.012    4.09294
     700.473    4.13438
     700.933    4.17708
     701.384    4.22011
     701.824    4.26344
     702.255    4.30701
     702.675    4.35079
     703.095    4.39583
     703.506    4.44103
     703.906    4.48636
     704.297    4.53176
     704.687    4.57840
     705.067    4.62506
     705.448    4.67298
     705.818    4.72088
     706.178    4.76870
     706.539    4.81778
     706.889    4.86672
     707.239    4.91693
     707.580    4.96696
     707.920    5.01827
     708.250    5.06935
     708.581    5.12173
     708.901    5.17382
     709.221    5.22725
     709.532    5.28034
     709.842    5.33481
     710.142    5.38890
     710.443    5.44444
     710.733    5.49959
     711.023    5.55629
     711.303    5.61263
     711.584    5.67069
     711.854    5.72851
     712.124    5.78837
     712.384    5.84828
     712.635    5.90837
     712.875    5.96888
     713.105    6.03012
     713.325    6.09256
     713.536    6.15681
     713.726    6.22021
     713.906    6.28659
     714.066    6.35265
     714.206    6.41788
     714.336    6.48680
     714.446    6.55347
     714.547    6.62278
     714.637    6.69424
     714.717    6.76697
     714.787    6.83960
     714.847    6.91006
     714.907    6.98996
     714.957    7.06537
     715.007    7.15076
     715.047    7.22794
     715.087    7.31498
     715.127    7.41434
     715.157    7.49927
     715.187    7.59552
     715.217    7.70667
     715.237    7.79146
     715.257    7.88749
     715.277    7.99834
     715.297    8.12916
     715.317    8.28931
     715.327    8.38502
     715.337    8.49556
     715.347    8.62676
     715.357    8.78748
     715.367    8.99599
     715.377    9.29457
     715.387    9.84064
     715.407    9.47200
     715.417    9.11348
     715.427    8.88181
     715.437    8.71024
     715.447    8.57392
     715.457    8.46143
     715.467    8.36568
     715.477    8.28228
     715.497    8.14314
     715.518    8.02975
     715.538    7.93458
     715.558    7.85294
     715.588    7.74943
     715.618    7.66294
     715.658    7.56703
     715.698    7.48778
     715.748    7.40624
     715.808    7.32779
     715.888    7.24744
     715.988    7.17521
     716.148    7.10394
     717.319    7.17774
     717.610    7.25154
     717.880    7.32765
     718.130    7.40304
     718.370    7.47912
     718.601    7.55503
     718.831    7.63361
     719.051    7.71111
     719.271    7.79081
     719.491    7.87264
     719.702    7.95271
     719.912    8.03467
     720.122    8.11854
     720.332    8.20430
     720.532    8.28779
     720.733    8.37302
     720.933    8.46006
     721.133    8.54892
     721.333    8.63964
     721.523    8.72757
     721.714    8.81726
     721.904    8.90872
     722.094    9.00200
     722.284    9.09713
     722.474    9.19418
     722.654    9.28790
     722.835    9.38342
     723.015    9.48076
     723.195    9.57998
     723.375    9.68111
     723.555    9.78420
     723.726    9.88342
     723.896    9.98447
     781.502    9.88554
     781.682    9.78676
     781.872    9.68452
     782.062    9.58429
     782.253    9.48601
     782.443    9.38963
     782.633    9.29509
     782.823    9.20233
     783.023    9.10657
     783.224    9.01270
     783.424    8.92066
     783.624    8.83040
     783.824    8.74186
     784.024    8.65501
     784.235    8.56559
     784.445    8.47792
     784.655    8.39195
     784.865    8.30767
     785.075    8.22499
     785.296    8.14008
     785.516    8.05687
     785.736    7.97528
     785.956    7.89531
     786.176    7.81687
     786.407    7.73651
     786.637    7.65774
     786.867    7.58055
     787.097    7.50489
     787.338    7.42751
     787.578    7.35173
     787.818    7.27745
     788.058    7.20468
     788.309    7.13042
     788.559    7.05769
     788.809    6.98644
     789.059    6.91665
     789.320    6.84555
     789.580    6.77594
     789.840    6.70777
     790.100    6.64100
     790.371    6.57309
     790.641    6.50664
     790.911    6.44156
     791.191    6.37550
     791.472    6.31086
     791.752    6.24758
     792.032    6.18565
     792.322    6.12286
     792.613    6.06143
     792.903    6.00132
     793.203    5.94047
     793.504    5.88096
     793.804    5.82272
     794.114    5.76387
     794.424    5.70632
     794.745    5.64823
     795.065    5.59145
     795.385    5.53593
     795.716    5.47998
     796.046    5.42528
     796.386    5.37022
     796.727    5.31643
     797.077    5.26235
     797.427    5.20952
     797.778    5.15792
     798.138    5.10609
     798.498    5.05548
     798.869    5.00469
     799.239    4.95512
     799.620    4.90543
     800.010    4.85567
     800.400    4.80715
     800.801    4.75860
     801.201    4.71126
     801.612    4.66396
     802.032    4.61673
     802.452    4.57070
     802.883    4.52479
     803.323    4.47903
     803.764    4.43447
     804.214    4.39010
     804.674    4.34595
     805.145    4.30206
     805.615    4.25936
     806.096    4.21694
     806.586    4.17483
     807.087    4.13306
     807.597    4.09166
     808.118    4.05067
     808.648    4.01010
     809.189    3.96998
     809.739    3.93033
     810.300    3.89117
     810.871    3.85252
     811.461    3.81376
     812.062    3.77559
     812.672    3.73802
     813.303    3.70048
     813.944    3.66361
     814.604    3.62687
     815.275    3.59085
     815.966    3.55506
     816.676    3.51955
     817.407    3.48438
     818.158    3.44962
     818.928    3.41532
     819.729    3.38111
     820.550    3.34752
     821.401    3.31423
     822.282    3.28135
     823.203    3.24870
     824.164    3.21649
     825.185    3.18442
     826.276    3.15280
     827.487    3.12152
     829.008    3.09057
     831.811    3.12230
     832.121    3.15401
     832.341    3.18764
     832.502    3.22063
     832.632    3.25465
     832.742    3.28997
     832.832    3.32442
     832.912    3.36021
     832.982    3.39622
     833.042    3.43121
     833.102    3.47060
     833.152    3.50730
     833.202    3.54797
     833.252    3.59316
     833.292    3.63303
     833.332    3.67656
     833.372    3.72420
     833.403    3.76285
     833.433    3.80435
     833.463    3.84891
     833.493    3.89682
     833.523    3.94840
     833.553    4.00402
     833.583    4.06410
     833.603    4.10686
     833.623    4.15198
     833.643    4.19961
     833.663    4.24997
     833.683    4.30327
     833.703    4.35976
     833.723    4.41970
     833.743    4.48342
     833.763    4.55140
     833.783    4.62380
     833.803    4.70122
     833.823    4.78424
     833.843    4.87350
     833.863    4.96982
     833.873    5.02112
     833.883    5.07438
     833.893    5.12994
     833.903    5.18798
     833.913    5.24869
     833.923    5.31231
     833.933    5.37909
     833.943    5.44931
     833.953    5.52331
     833.963    5.60179
     833.973    5.68460
     833.983    5.77257
     833.993    5.86633
     834.003    5.96663
     834.013    6.07440
     834.023    6.19076
     834.033    6.31763
     834.043    6.45586
     834.053    6.60824
     834.063    6.77788
     834.073    6.96906
     834.083    7.18788
     834.093    7.44350
     834.103    7.75186
     834.113    8.13652
     834.123    8.65074
     834.133    9.43024
     834.163    9.19023
     834.173    8.50159
     834.183    8.02767
     834.193    7.66579
     834.203    7.37208
     834.213    7.12656
     834.223    6.91512
     834.233    6.72954
     834.243    6.56426
     834.253    6.41483
     834.263    6.27948
     834.273    6.15543
     834.283    6.04099
     834.293    5.93446
     834.303    5.83555
     834.313    5.74297
     834.323    5.65601
     834.333    5.57405
     834.343    5.49631
     834.353    5.42294
     834.363    5.35325
     834.373    5.28669
     834.383    5.22347
     834.393    5.16309
     834.404    5.10534
     834.414    5.04981
     834.424    4.99675
     834.434    4.94580
     834.444    4.89682
     834.464    4.80411
     834.484    4.71795
     834.504    4.63777
     834.524    4.56268
     834.544    4.49244
     834.564    4.42635
     834.584    4.36417
     834.604    4.30568
     834.624    4.25037
     834.644    4.19809
     834.664    4.14870
     834.684    4.10182
     834.704    4.05736
     834.724    4.01516
     834.744    3.97512
     834.774    3.91863
     834.804    3.86609
     834.834    3.81726
     834.864    3.77175
     834.894    3.72927
     834.924    3.68953
     834.954    3.65240
     834.994    3.60648
     835.034    3.56431
     835.074    3.52550
     835.114    3.48973
     835.164    3.44884
     835.214    3.41171
     835.274    3.37154
     835.334    3.33555
     835.404    3.29810
     835.475    3.26486
     835.555    3.23129
     835.645    3.19827
     835.745    3.16646
     835.865    3.13383
     836.005    3.10187
     836.175    3.06990
     836.375    3.03948
     836.626    3.00937
     836.956    2.97885
     837.386    2.94925
     837.977    2.91988
     838.818    2.89076
     840.560    2.86213
     841.791    2.83354
     842.952    2.80532
     844.694    2.77741
     846.896    2.74986
     849.588    2.72262
     853.072    2.69564
     861.340    2.66894
     875.604    2.69596
     878.707    2.72328
     881.099    2.75081
     883.081    2.77872
     884.773    2.80686
     886.254    2.83535
     887.565    2.86409
     888.747    2.89327
     889.808    2.92259
     890.779    2.95242
     891.659    2.98236
     892.470    3.01274
     893.211    3.04328
     893.892    3.07408
     894.522    3.10541
     895.103    3.13711
     895.633    3.16899
     896.124    3.20151
     896.574    3.23459
     896.985    3.26806
     897.355    3.30161
     897.695    3.33576
     898.006    3.36999
     898.296    3.40469
     898.576    3.44020
     898.846    3.47526
     899.127    3.51047
     899.467    3.54663
     899.957    3.58274
     900.468    3.61938
     900.888    3.65680
     901.229    3.69385
     901.529    3.73204
     901.799    3.77105
     902.039    3.80951
     902.270    3.84970
     902.480    3.88911
     902.680    3.92878
     902.880    3.97008
     903.070    4.01022
     903.261    4.05077
     903.461    4.09170
     903.661    4.13338
     903.861    4.17725
     904.041    4.21973
     904.212    4.26336
     904.372    4.30825
     904.522    4.35426
     904.662    4.40113
     904.792    4.44842
     904.912    4.49564
     905.022    4.54216
     905.133    4.59195
     905.233    4.64016
     905.333    4.69120
     905.423    4.73947
     905.513    4.78978
     905.603    4.84186
     905.693    4.89518
     905.783    4.94906
     905.873    5.00256
     905.963    5.05448
     906.063    5.10843
     906.174    5.16047
     906.374    5.21265
     906.844    5.26649
     907.174    5.32167
     907.385    5.37544
     907.555    5.43016
     907.705    5.48655
     907.845    5.54579
     907.975    5.60638
     908.095    5.66695
     908.206    5.72635
     908.316    5.78945
     908.416    5.85003
     908.516    5.91368
     908.606    5.97363
     908.696    6.03614
     908.786    6.10128
     908.876    6.16908
     908.956    6.23165
     909.036    6.29642
     909.116    6.36349
     909.196    6.43290
     909.277    6.50470
     909.357    6.57900
     909.427    6.64611
     909.497    6.71525
     909.567    6.78647
     909.637    6.85987
     909.707    6.93546
     909.777    7.01338
     909.847    7.09368
     909.917    7.17644
     909.977    7.24942
     910.037    7.32432
     910.097    7.40122
     910.157    7.48017
     910.217    7.56125
     910.278    7.64456
     910.338    7.73009
     910.398    7.81801
     910.458    7.90835
     910.518    8.00114
     910.578    8.09659
     910.638    8.19476
     910.688    8.27864
     910.738    8.36456
     910.788    8.45246
     910.838    8.54254
     910.888    8.63480
     910.938    8.72930
     910.988    8.82612
     911.038    8.92533
     911.088    9.02699
     911.138    9.13120
     911.188    9.23804
     911.238    9.34766
     911.289    9.46001
     911.339    9.57532
     911.389    9.69355
     911.439    9.81494
     911.479    9.91435
     921.959    9.79751
     922.009    9.68751
     922.059    9.58038
     922.109    9.47588
     922.159    9.37399
     922.209    9.27464
     922.259    9.17773
     922.309    9.08321
     922.359    8.99100
     922.409    8.90095
     922.469    8.79584
     922.529    8.69369
     922.590    8.59443
     922.650    8.49795
     922.710    8.40413
     922.770    8.31296
     922.830    8.22425
     922.890    8.13801
     922.950    8.05406
     923.010    7.97237
     923.070    7.89287
     923.140    7.80277
     923.210    7.71544
     923.280    7.63076
     923.350    7.54863
     923.420    7.46897
     923.490    7.39164
     923.560    7.31659
     923.631    7.24378
     923.711    7.16311
     923.791    7.08509
     923.871    7.00958
     923.951    6.93655
     924.031    6.86584
     924.111    6.79737
     924.201    6.72294
     924.291    6.65110
     924.381    6.58179
     924.471    6.51486
     924.561    6.45023
     924.662    6.38099
     924.762    6.31434
     924.862    6.25017
     924.972    6.18230
     925.082    6.11716
     925.192    6.05460
     925.302    5.99452
     925.422    5.93165
     925.542    5.87145
     925.673    5.80906
     925.803    5.74951
     925.943    5.68833
     926.083    5.63007
     926.233    5.57070
     926.383    5.51433
     926.543    5.45729
     926.714    5.40001
     926.884    5.34590
     927.064    5.29187
     927.254    5.23826
     927.454    5.18537
     927.664    5.13348
     927.895    5.08063
     928.135    5.02961
     928.395    4.97873
     928.675    4.92862
     928.986    4.87836
     929.326    4.82898
     929.706    4.78022
     930.137    4.73243
     930.647    4.68476
     931.278    4.63775
     932.139    4.59171
     937.864    4.63846
     938.755    4.68570
     939.516    4.73312
     940.197    4.78096
     940.827    4.82985
     941.408    4.87874
     941.958    4.92859
     942.479    4.97888
     942.979    5.03020
     943.450    5.08114
     943.910    5.13360
     944.351    5.18625
     944.771    5.23882
     945.182    5.29240
     945.582    5.34687
     945.972    5.40216
     946.353    5.45815
     946.723    5.51475
     947.083    5.57186
     947.434    5.62938
     947.774    5.68721
     948.104    5.74525
     948.425    5.80338
     948.745    5.86340
     949.055    5.92340
     949.356    5.98328
     949.656    6.04502
     949.946    6.10650
     950.237    6.16984
     950.517    6.23282
     950.797    6.29765
     951.067    6.36198
     951.338    6.42816
     951.598    6.49371
     951.858    6.56110
     952.108    6.62772
     952.359    6.69616
     952.609    6.76650
     952.849    6.83589
     953.089    6.90717
     953.320    6.97732
     953.550    7.04932
     953.780    7.12327
     954.000    7.19587
     954.220    7.27038
     954.441    7.34686
     954.651    7.42179
     954.861    7.49865
     955.071    7.57753
     955.271    7.65458
     955.472    7.73361
     955.672    7.81468
     955.862    7.89366
     956.052    7.97461
     956.242    8.05764
     956.433    8.14279
     956.613    8.22552
     956.793    8.31032
     956.973    8.39726
     957.153    8.48644
     957.323    8.57279
     957.494    8.66130
     957.664    8.75204
     957.834    8.84510
     957.994    8.93491
     958.154    9.02692
     958.314    9.12126
     958.475    9.21797
     958.635    9.31721
     958.785    9.41259
     958.935    9.51036
     959.085    9.61061
     959.235    9.71341
     959.375    9.81180
     959.516    9.91261
     998.984    42.9568
