     200.000    1.04451E-01
     200.410    1.03400E-01
     200.850    1.02376E-01
     201.339    1.01347E-01
     201.879    1.00338E-01
     202.489    9.93390E-02
     203.188    9.83520E-02
     204.018    9.73770E-02
     205.057    9.64070E-02
     206.486    9.54520E-02
     209.515    9.45060E-02
     215.981    9.54610E-02
     218.350    9.64300E-02
     220.319    9.74070E-02
     222.088    9.83960E-02
     223.727    9.93940E-02
     225.276    1.00400E-01
     226.755    1.01415E-01
     228.195    1.02446E-01
     229.584    1.03482E-01
     230.943    1.04529E-01
     232.272   0.105585
     233.582   0.106655
     234.871   0.107734
     236.150   0.108831
     237.409   0.109934
     238.659   0.111051
     239.898   0.112181
     241.127   0.113323
     242.347   0.114476
     243.556   0.115639
     244.755   0.116812
     245.945   0.117993
     247.134   0.119193
     248.313   0.120401
     249.493   0.121628
     250.662   0.122862
     251.832   0.124113
     252.991   0.125372
     254.150   0.126649
     255.300   0.127932
     256.450   0.129235
     257.591   0.130545
     258.732   0.131874
     259.863   0.133209
     260.994   0.134562
     262.115   0.135923
     263.236   0.137302
     264.347   0.138689
     265.458   0.140094
     266.570   0.141521
     267.671   0.142954
     268.772   0.144409
     269.863   0.145872
     270.954   0.147357
     272.035   0.148850
     273.116   0.150367
     274.187   0.151893
     275.248   0.153430
     276.309   0.154991
     277.360   0.156564
     278.401   0.158149
     279.442   0.159761
     280.473   0.161387
     281.494   0.163027
     282.505   0.164681
     283.506   0.166352
     284.497   0.168038
     285.478   0.169743
     286.449   0.171466
     287.410   0.173209
     288.361   0.174974
     289.292   0.176743
     290.213   0.178536
     291.123   0.180355
     292.014   0.182181
     292.895   0.184037
     293.756   0.185902
     294.607   0.187800
     295.438   0.189711
     296.248   0.191636
     297.039   0.193575
     297.820   0.195556
     298.581   0.197556
     299.321   0.199576
     300.042   0.201617
     300.743   0.203680
     301.424   0.205767
     302.084   0.207878
     302.715   0.209981
     303.325   0.212106
     303.916   0.214256
     304.487   0.216428
     305.037   0.218623
     305.568   0.220840
     306.078   0.223078
     306.569   0.225333
     307.049   0.227655
     307.509   0.229993
     307.950   0.232345
     308.370   0.234706
     308.781   0.237131
     309.171   0.239558
     309.541   0.241980
     309.902   0.244459
     310.252   0.246995
     310.582   0.249512
     310.903   0.252078
     311.213   0.254694
     311.513   0.257357
     311.794   0.259970
     312.064   0.262616
     312.324   0.265290
     312.574   0.267989
     312.815   0.270706
     313.055   0.273557
     313.285   0.276425
     313.505   0.279301
     313.716   0.282178
     313.916   0.285046
     314.116   0.288048
     314.306   0.291033
     314.486   0.293988
     314.666   0.297077
     314.837   0.300125
     315.007   0.303308
     315.167   0.306435
     315.327   0.309699
     315.477   0.312891
     315.627   0.316219
     315.768   0.319455
     315.908   0.322824
     316.048   0.326335
     316.178   0.329730
     316.308   0.333263
     316.428   0.336652
     316.548   0.340173
     316.668   0.343833
     316.779   0.347316
     316.889   0.350929
     316.999   0.354679
     317.109   0.358573
     317.209   0.362246
     317.309   0.366052
     317.409   0.369997
     317.509   0.374089
     317.599   0.377905
     317.689   0.381852
     317.779   0.385939
     317.870   0.390171
     317.960   0.394556
     318.040   0.398590
     318.120   0.402756
     318.200   0.407064
     318.280   0.411517
     318.360   0.416125
     318.440   0.420894
     318.510   0.425207
     318.580   0.429655
     318.650   0.434246
     318.720   0.438986
     318.790   0.443880
     318.861   0.448938
     318.931   0.454167
     318.991   0.458790
     319.051   0.463551
     319.111   0.468455
     319.171   0.473507
     319.231   0.478714
     319.291   0.484082
     319.351   0.489619
     319.411   0.495331
     319.471   0.501227
     319.531   0.507313
     319.581   0.512537
     319.631   0.517904
     319.681   0.523420
     319.731   0.529087
     319.781   0.534914
     319.831   0.540905
     319.882   0.547064
     319.932   0.553398
     319.982   0.559910
     320.032   0.566608
     320.082   0.573497
     320.132   0.580579
     320.182   0.587861
     320.222   0.593833
     320.262   0.599940
     320.302   0.606179
     320.342   0.612554
     320.382   0.619066
     320.422   0.625716
     320.462   0.632503
     320.502   0.639430
     320.542   0.646496
     320.582   0.653696
     320.622   0.661034
     320.662   0.668503
     320.702   0.676103
     320.742   0.683830
     320.782   0.691677
     320.822   0.699644
     320.862   0.707719
     320.903   0.715900
     320.943   0.724179
     320.983   0.732547
     321.023   0.740992
     321.063   0.749510
     321.103   0.758089
     321.143   0.766722
     321.183   0.775432
     321.223   0.785129
     321.273   0.794487
     321.313   0.802773
     321.353   0.811152
     321.393   0.819627
     321.433   0.828218
     321.473   0.836943
     321.513   0.845825
     321.553   0.854887
     321.593   0.864147
     321.633   0.873625
     321.673   0.883344
     321.713   0.893323
     321.753   0.903576
     321.793   0.914122
     321.833   0.924977
     321.873   0.936162
     321.914   0.947692
     321.954   0.959576
     321.994   0.971841
     322.034   0.984491
     322.074   0.997547
     322.114    1.01103
     322.144    1.02142
     322.174    1.03206
     322.204    1.04296
     322.234    1.05412
     322.264    1.06556
     322.294    1.07727
     322.324    1.08926
     322.354    1.10154
     322.384    1.11411
     322.414    1.12699
     322.444    1.14018
     322.474    1.15368
     322.504    1.16751
     322.534    1.18166
     322.564    1.19616
     322.594    1.21099
     322.624    1.22618
     322.654    1.24173
     322.684    1.25765
     322.714    1.27394
     322.744    1.29061
     322.774    1.30768
     322.804    1.32515
     322.834    1.34302
     322.864    1.36131
     322.894    1.38003
     322.924    1.39919
     322.955    1.41878
     322.985    1.43883
     323.015    1.45934
     323.045    1.48032
     323.075    1.50178
     323.105    1.52374
     323.135    1.54619
     323.165    1.56914
     323.195    1.59262
     323.225    1.61662
     323.255    1.64116
     323.275    1.65783
     323.295    1.67474
     323.315    1.69190
     323.335    1.70930
     323.355    1.72696
     323.375    1.74488
     323.395    1.76305
     323.415    1.78149
     323.435    1.80018
     323.455    1.81915
     323.475    1.83839
     323.495    1.85790
     323.515    1.87767
     323.535    1.89772
     323.555    1.91805
     323.575    1.93865
     323.595    1.95953
     323.615    1.98071
     323.635    2.00215
     323.655    2.02389
     323.675    2.04591
     323.695    2.06822
     323.715    2.09082
     323.735    2.11370
     323.755    2.13686
     323.775    2.16032
     323.795    2.18407
     323.815    2.20810
     323.835    2.23243
     323.855    2.25704
     323.875    2.28192
     323.895    2.30710
     323.915    2.33256
     323.935    2.35829
     323.956    2.38432
     323.976    2.41061
     323.996    2.43716
     324.016    2.46399
     324.036    2.49109
     324.056    2.51842
     324.076    2.54602
     324.096    2.57387
     324.116    2.60195
     324.136    2.63027
     324.156    2.65882
     324.176    2.68757
     324.196    2.71654
     324.216    2.74571
     324.236    2.77507
     324.256    2.80459
     324.276    2.83429
     324.296    2.86415
     324.316    2.89414
     324.336    2.92425
     324.356    2.95449
     324.376    2.98481
     324.396    3.01521
     324.426    3.06090
     324.456    3.10669
     324.486    3.15245
     324.516    3.19815
     324.546    3.24366
     324.576    3.28894
     324.606    3.33389
     324.636    3.37837
     324.666    3.42231
     324.696    3.46558
     324.726    3.50805
     324.756    3.54962
     324.786    3.59010
     324.816    3.62939
     324.846    3.66732
     324.886    3.71550
     324.926    3.76058
     324.966    3.80215
     325.017    3.84863
     325.067    3.88884
     325.127    3.93618
     325.147    3.97709
     325.187    3.92872
     325.247    3.88323
     325.297    3.84219
     325.347    3.79484
     325.387    3.75267
     325.427    3.70707
     325.467    3.65847
     325.497    3.62029
     325.527    3.58080
     325.557    3.54014
     325.587    3.49848
     325.617    3.45593
     325.647    3.41264
     325.677    3.36871
     325.707    3.32426
     325.737    3.27940
     325.767    3.23423
     325.797    3.18882
     325.827    3.14328
     325.857    3.09769
     325.887    3.05212
     325.907    3.02179
     325.927    2.99151
     325.947    2.96130
     325.967    2.93120
     325.987    2.90119
     326.008    2.87130
     326.028    2.84157
     326.048    2.81198
     326.068    2.78255
     326.088    2.75328
     326.108    2.72422
     326.128    2.69536
     326.148    2.66668
     326.168    2.63824
     326.188    2.61001
     326.208    2.58200
     326.228    2.55426
     326.248    2.52674
     326.268    2.49947
     326.288    2.47244
     326.308    2.44569
     326.328    2.41920
     326.348    2.39296
     326.368    2.36701
     326.388    2.34133
     326.408    2.31592
     326.428    2.29078
     326.448    2.26593
     326.468    2.24136
     326.488    2.21708
     326.508    2.19308
     326.528    2.16935
     326.548    2.14592
     326.568    2.12277
     326.588    2.09989
     326.608    2.07732
     326.628    2.05501
     326.648    2.03299
     326.668    2.01126
     326.688    1.98978
     326.708    1.96861
     326.728    1.94771
     326.748    1.92707
     326.768    1.90671
     326.788    1.88664
     326.808    1.86682
     326.828    1.84727
     326.848    1.82799
     326.868    1.80897
     326.888    1.79020
     326.908    1.77171
     326.928    1.75347
     326.948    1.73547
     326.968    1.71773
     326.988    1.70024
     327.008    1.68299
     327.029    1.66599
     327.049    1.64922
     327.069    1.63269
     327.089    1.61639
     327.109    1.60033
     327.139    1.57666
     327.169    1.55350
     327.199    1.53083
     327.229    1.50864
     327.259    1.48694
     327.289    1.46569
     327.319    1.44491
     327.349    1.42456
     327.379    1.40466
     327.409    1.38519
     327.439    1.36613
     327.469    1.34748
     327.499    1.32923
     327.529    1.31138
     327.559    1.29390
     327.589    1.27680
     327.619    1.26007
     327.649    1.24370
     327.679    1.22767
     327.709    1.21198
     327.739    1.19662
     327.769    1.18160
     327.799    1.16689
     327.829    1.15249
     327.859    1.13840
     327.889    1.12460
     327.919    1.11108
     327.949    1.09785
     327.979    1.08490
     328.009    1.07222
     328.039    1.05980
     328.070    1.04763
     328.100    1.03572
     328.130    1.02405
     328.160    1.01262
     328.190    1.00142
     328.220   0.990455
     328.250   0.979708
     328.280   0.969176
     328.310   0.958856
     328.340   0.948744
     328.370   0.938835
     328.400   0.929125
     328.430   0.919603
     328.460   0.910271
     328.490   0.901124
     328.520   0.892156
     328.560   0.880469
     328.600   0.869084
     328.640   0.857994
     328.680   0.847185
     328.720   0.836653
     328.760   0.826385
     328.800   0.816377
     328.840   0.806621
     328.880   0.797106
     328.920   0.787828
     328.960   0.778777
     329.000   0.769950
     329.040   0.761339
     329.081   0.752935
     329.121   0.744732
     329.161   0.736730
     329.201   0.728917
     329.241   0.721289
     329.281   0.713841
     329.321   0.706570
     329.361   0.699467
     329.401   0.692529
     329.451   0.684082
     329.501   0.675878
     329.551   0.667906
     329.601   0.660159
     329.651   0.652630
     329.701   0.645310
     329.751   0.638193
     329.801   0.631272
     329.851   0.624540
     329.901   0.617990
     329.951   0.611618
     330.001   0.605416
     330.051   0.599380
     330.112   0.592346
     330.172   0.585534
     330.232   0.578934
     330.292   0.572538
     330.352   0.566340
     330.412   0.560330
     330.472   0.554504
     330.532   0.548851
     330.592   0.543368
     330.662   0.537175
     330.732   0.531195
     330.802   0.525418
     330.872   0.519836
     330.942   0.514440
     331.012   0.509224
     331.082   0.504179
     331.163   0.498615
     331.243   0.493256
     331.323   0.488094
     331.403   0.483120
     331.483   0.478324
     331.573   0.473135
     331.663   0.468151
     331.753   0.463365
     331.843   0.458765
     331.943   0.453864
     332.043   0.449172
     332.143   0.444678
     332.254   0.439953
     332.364   0.435443
     332.484   0.430755
     332.604   0.426297
     332.724   0.422054
     332.854   0.417688
     332.984   0.413546
     333.124   0.409322
     333.275   0.405051
     333.425   0.401027
     333.585   0.396990
     333.755   0.392967
     333.935   0.388988
     334.125   0.385077
     334.326   0.381257
     334.546   0.377379
     334.786   0.373503
     335.046   0.369686
     335.327   0.365977
     335.637   0.362309
     335.987   0.358665
     336.388   0.355072
     336.858   0.351532
     337.439   0.348040
     338.229   0.344587
     339.821   0.341169
     343.264   0.344622
     344.405   0.348128
     345.326   0.351672
     346.127   0.355249
     346.848   0.358856
     347.508   0.362486
     348.129   0.366182
     348.710   0.369896
     349.260   0.373652
     349.791   0.377496
     350.291   0.381331
     350.772   0.385211
     351.232   0.389119
     351.683   0.393131
     352.113   0.397147
     352.533   0.401249
     352.934   0.405329
     353.324   0.409477
     353.705   0.413689
     354.075   0.417960
     354.435   0.422283
     354.786   0.426653
     355.126   0.431064
     355.456   0.435509
     355.777   0.439981
     356.087   0.444472
     356.387   0.448975
     356.687   0.453640
     356.978   0.458310
     357.258   0.462977
     357.538   0.467806
     357.809   0.472624
     358.069   0.477419
     358.329   0.482376
     358.579   0.487301
     358.830   0.492389
     359.070   0.497433
     359.310   0.502643
     359.540   0.507797
     359.770   0.513117
     359.991   0.518368
     360.211   0.523784
     360.421   0.529117
     360.631   0.534613
     360.841   0.540283
     361.042   0.545851
     361.242   0.551590
     361.432   0.557207
     361.622   0.562994
     361.812   0.568957
     361.993   0.574776
     362.173   0.580768
     362.353   0.586942
     362.523   0.592946
     362.693   0.599127
     362.863   0.605493
     363.024   0.611662
     363.184   0.618010
     363.344   0.624546
     363.504   0.631280
     363.654   0.637782
     363.804   0.644474
     363.955   0.651368
     364.095   0.657992
     364.235   0.664812
     364.375   0.671836
     364.515   0.679076
     364.645   0.686005
     364.775   0.693142
     364.905   0.700501
     365.036   0.708096
     365.156   0.715331
     365.276   0.722795
     365.396   0.730505
     365.516   0.738480
     365.626   0.746041
     365.736   0.753862
     365.846   0.761964
     365.956   0.770372
     366.057   0.778309
     366.157   0.786549
     366.257   0.795124
     366.347   0.803156
     366.437   0.811517
     366.527   0.820246
     366.617   0.829384
     366.697   0.837888
     366.777   0.846793
     366.857   0.856150
     366.937   0.866011
     367.008   0.875111
     367.078   0.884701
     367.148   0.894843
     367.208   0.904033
     367.268   0.913735
     367.328   0.924012
     367.388   0.934934
     367.438   0.944585
     367.488   0.954799
     367.538   0.965641
     367.588   0.977175
     367.638   0.989499
     367.678   0.999981
     367.718    1.01108
     367.758    1.02288
     367.798    1.03543
     367.838    1.04883
     367.868    1.05950
     367.898    1.07075
     367.928    1.08264
     367.958    1.09523
     367.988    1.10861
     368.018    1.12284
     368.049    1.13805
     368.079    1.15435
     368.109    1.17186
     368.129    1.18433
     368.149    1.19747
     368.169    1.21139
     368.189    1.22617
     368.209    1.24190
     368.229    1.25875
     368.249    1.27684
     368.269    1.29637
     368.289    1.31762
     368.309    1.34090
     368.329    1.36665
     368.339    1.38060
     368.349    1.39544
     368.359    1.41126
     368.369    1.42818
     368.379    1.44640
     368.389    1.46612
     368.399    1.48763
     368.409    1.51129
     368.419    1.53761
     368.429    1.56725
     368.439    1.60123
     368.449    1.64118
     368.459    1.68944
     368.469    1.75077
     368.479    1.83532
     368.489    1.97433
     368.499    3.13126
     368.509    1.97740
     368.519    1.84024
     368.529    1.75765
     368.539    1.69853
     368.549    1.65249
     368.559    1.61485
     368.569    1.58309
     368.579    1.55562
     368.589    1.53155
     368.599    1.51012
     368.609    1.49085
     368.619    1.47334
     368.629    1.45736
     368.639    1.44268
     368.659    1.41650
     368.679    1.39377
     368.699    1.37382
     368.719    1.35608
     368.739    1.34020
     368.759    1.32590
     368.789    1.30693
     368.819    1.29041
     368.849    1.27595
     368.879    1.26324
     368.919    1.24857
     368.959    1.23611
     369.009    1.22314
     369.070    1.21074
     369.150    1.19857
     369.290    1.18643
     369.790    1.19890
     369.930    1.21181
     370.050    1.22506
     370.151    1.23745
     370.251    1.25094
     370.341    1.26395
     370.431    1.27775
     370.521    1.29229
     370.601    1.30582
     370.681    1.31991
     370.761    1.33455
     370.841    1.34972
     370.911    1.36344
     370.981    1.37756
     371.051    1.39210
     371.122    1.40705
     371.192    1.42242
     371.262    1.43821
     371.332    1.45443
     371.402    1.47108
     371.472    1.48817
     371.542    1.50571
     371.602    1.52110
     371.662    1.53684
     371.722    1.55294
     371.782    1.56938
     371.842    1.58619
     371.902    1.60336
     371.962    1.62092
     372.022    1.63887
     372.082    1.65721
     372.143    1.67595
     372.203    1.69512
     372.263    1.71471
     372.323    1.73474
     372.383    1.75522
     372.443    1.77615
     372.503    1.79757
     372.553    1.81577
     372.603    1.83433
     372.653    1.85324
     372.703    1.87251
     372.753    1.89215
     372.803    1.91216
     372.853    1.93256
     372.903    1.95336
     372.953    1.97457
     373.003    1.99618
     373.053    2.01823
     373.103    2.04071
     373.154    2.06363
     373.204    2.08702
     373.254    2.11087
     373.304    2.13521
     373.354    2.16004
     373.404    2.18538
     373.454    2.21123
     373.504    2.23763
     373.554    2.26457
     373.604    2.29206
     373.654    2.32015
     373.704    2.34881
     373.754    2.37810
     373.804    2.40800
     373.844    2.43239
     373.884    2.45720
     373.924    2.48243
     373.964    2.50812
     374.004    2.53424
     374.044    2.56082
     374.084    2.58788
     374.124    2.61543
     374.164    2.64345
     374.205    2.67199
     374.245    2.70104
     374.285    2.73061
     374.325    2.76071
     374.365    2.79138
     374.405    2.82260
     374.445    2.85441
     374.485    2.88680
     374.525    2.91982
     374.565    2.95343
     374.605    2.98770
     374.645    3.02261
     374.685    3.05818
     374.725    3.09446
     374.765    3.13141
     374.805    3.16909
     374.845    3.20750
     374.885    3.24667
     374.925    3.28660
     374.965    3.32734
     375.005    3.36889
     375.045    3.41127
     375.085    3.45450
     375.125    3.49862
     375.165    3.54361
     375.206    3.58955
     375.246    3.63643
     375.286    3.68427
     375.326    3.73314
     375.366    3.78299
     375.406    3.83393
     375.436    3.87282
     375.466    3.91234
     375.496    3.95251
     375.526    3.99330
     375.556    4.03474
     375.586    4.07688
     375.616    4.11971
     375.646    4.16322
     375.676    4.20745
     375.706    4.25240
     375.736    4.29810
     375.766    4.34454
     375.796    4.39176
     375.826    4.43980
     375.856    4.48865
     375.886    4.53828
     375.916    4.58879
     375.946    4.64015
     375.976    4.69239
     376.006    4.74555
     376.036    4.79960
     376.066    4.85457
     376.096    4.91054
     376.126    4.96748
     376.156    5.02538
     376.186    5.08433
     376.216    5.14432
     376.247    5.20537
     376.277    5.26756
     376.307    5.33080
     376.337    5.39522
     376.367    5.46076
     376.397    5.52753
     376.427    5.59551
     376.457    5.66473
     376.487    5.73521
     376.517    5.80699
     376.547    5.88009
     376.577    5.95459
     376.607    6.03043
     376.637    6.10774
     376.667    6.18649
     376.697    6.26667
     376.727    6.34842
     376.757    6.43172
     376.787    6.51666
     376.817    6.60317
     376.847    6.69133
     376.877    6.78125
     376.907    6.87291
     376.937    6.96635
     376.967    7.06154
     376.997    7.15865
     377.027    7.25773
     377.057    7.35870
     377.087    7.46165
     377.117    7.56671
     377.147    7.67378
     377.177    7.78306
     377.207    7.89453
     377.237    8.00823
     377.268    8.12421
     377.298    8.24253
     377.328    8.36325
     377.358    8.48649
     377.388    8.61216
     377.418    8.74047
     377.448    8.87140
     377.478    9.00502
     377.508    9.14137
     377.528    9.23381
     377.548    9.32750
     377.568    9.42257
     377.588    9.51885
     377.608    9.61655
     377.628    9.71559
     377.648    9.81590
     377.668    9.91768
     382.773    9.78938
     382.793    9.69106
     382.813    9.59408
     382.833    9.49841
     382.853    9.40405
     382.883    9.26485
     382.913    9.12846
     382.943    8.99492
     382.973    8.86399
     383.003    8.73560
     383.033    8.60987
     383.063    8.48665
     383.093    8.36582
     383.123    8.24747
     383.153    8.13138
     383.183    8.01760
     383.213    7.90606
     383.243    7.79672
     383.273    7.68952
     383.303    7.58442
     383.333    7.48137
     383.363    7.38025
     383.393    7.28109
     383.424    7.18391
     383.454    7.08854
     383.484    6.99499
     383.514    6.90323
     383.544    6.81322
     383.574    6.72486
     383.604    6.63823
     383.634    6.55317
     383.664    6.46976
     383.694    6.38786
     383.724    6.30749
     383.754    6.22860
     383.784    6.15118
     383.814    6.07518
     383.844    6.00052
     383.874    5.92728
     383.904    5.85533
     383.934    5.78472
     383.964    5.71534
     383.994    5.64722
     384.024    5.58031
     384.054    5.51460
     384.084    5.45006
     384.114    5.38662
     384.144    5.32433
     384.174    5.26310
     384.204    5.20295
     384.234    5.14384
     384.264    5.08579
     384.294    5.02868
     384.324    4.97258
     384.354    4.91745
     384.384    4.86325
     384.414    4.80994
     384.445    4.75754
     384.475    4.70605
     384.505    4.65540
     384.535    4.60559
     384.565    4.55661
     384.595    4.50841
     384.625    4.46104
     384.655    4.41445
     384.685    4.36859
     384.715    4.32348
     384.745    4.27910
     384.775    4.23548
     384.805    4.19252
     384.835    4.15023
     384.865    4.10864
     384.895    4.06772
     384.925    4.02741
     384.965    3.97467
     385.005    3.92303
     385.045    3.87246
     385.085    3.82294
     385.125    3.77441
     385.165    3.72687
     385.205    3.68030
     385.245    3.63467
     385.285    3.58993
     385.325    3.54612
     385.365    3.50315
     385.405    3.46104
     385.445    3.41973
     385.486    3.37925
     385.526    3.33954
     385.566    3.30060
     385.606    3.26241
     385.646    3.22495
     385.686    3.18819
     385.726    3.15213
     385.766    3.11675
     385.806    3.08203
     385.846    3.04796
     385.886    3.01451
     385.926    2.98169
     385.966    2.94946
     386.006    2.91780
     386.046    2.88674
     386.086    2.85623
     386.126    2.82628
     386.166    2.79685
     386.206    2.76793
     386.246    2.73954
     386.286    2.71164
     386.326    2.68425
     386.366    2.65731
     386.406    2.63084
     386.456    2.59841
     386.507    2.56666
     386.557    2.53559
     386.607    2.50517
     386.657    2.47538
     386.707    2.44623
     386.757    2.41768
     386.807    2.38972
     386.857    2.36232
     386.907    2.33549
     386.957    2.30920
     387.007    2.28344
     387.057    2.25820
     387.107    2.23345
     387.157    2.20920
     387.207    2.18543
     387.257    2.16212
     387.307    2.13927
     387.357    2.11686
     387.407    2.09488
     387.457    2.07333
     387.508    2.05218
     387.558    2.03144
     387.608    2.01108
     387.658    1.99112
     387.718    1.96764
     387.778    1.94470
     387.838    1.92225
     387.898    1.90031
     387.958    1.87883
     388.018    1.85784
     388.078    1.83729
     388.138    1.81719
     388.198    1.79751
     388.258    1.77826
     388.318    1.75942
     388.378    1.74097
     388.438    1.72291
     388.498    1.70523
     388.559    1.68792
     388.619    1.67097
     388.679    1.65437
     388.749    1.63544
     388.819    1.61696
     388.889    1.59891
     388.959    1.58130
     389.029    1.56411
     389.099    1.54732
     389.169    1.53093
     389.239    1.51491
     389.309    1.49927
     389.379    1.48400
     389.449    1.46906
     389.519    1.45447
     389.600    1.43820
     389.680    1.42232
     389.760    1.40683
     389.840    1.39170
     389.920    1.37691
     390.000    1.36243
     390.080    1.34823
     390.160    1.33427
     390.240    1.32046
     390.320    1.30690
     390.400    1.29359
     390.480    1.28054
     390.560    1.26776
     390.651    1.25370
     390.741    1.23998
     390.831    1.22660
     390.921    1.21355
     391.011    1.20083
     391.101    1.18844
     391.191    1.17636
     391.281    1.16459
     391.381    1.15186
     391.481    1.13948
     391.581    1.12745
     391.682    1.11574
     391.782    1.10436
     391.882    1.09327
     391.992    1.08142
     392.102    1.06992
     392.212    1.05874
     392.322    1.04788
     392.432    1.03733
     392.552    1.02615
     392.673    1.01530
     392.793    1.00478
     392.913   0.994571
     393.033   0.984657
     393.163   0.974240
     393.293   0.964148
     393.423   0.954365
     393.553   0.944882
     393.694   0.934989
     393.834   0.925417
     393.974   0.916150
     394.124   0.906550
     394.274   0.897273
     394.424   0.888307
     394.584   0.879073
     394.745   0.870162
     394.915   0.861036
     395.085   0.852245
     395.255   0.843776
     395.435   0.835142
     395.615   0.826838
     395.806   0.818413
     396.006   0.809905
     396.206   0.801750
     396.416   0.793549
     396.636   0.785333
     396.857   0.777484
     397.087   0.769652
     397.327   0.761864
     397.577   0.754148
     397.838   0.746529
     398.108   0.739032
     398.388   0.731678
     398.688   0.724246
     398.999   0.717025
     399.329   0.709819
     399.679   0.702683
     400.050   0.695670
     400.450   0.688660
     400.881   0.681742
     401.351   0.674855
     401.862   0.668121
     402.432   0.661426
     403.073   0.654867
     403.823   0.648347
     404.744   0.641893
     405.996   0.635527
     413.503   0.641974
     414.534   0.648490
     415.375   0.655089
     416.085   0.661747
     416.706   0.668541
     417.247   0.675370
     417.727   0.682315
     418.147   0.689221
     418.528   0.696285
     418.868   0.703405
     419.178   0.710697
     419.459   0.718076
     419.709   0.725426
     419.939   0.732946
     420.149   0.740561
     420.340   0.748176
     420.520   0.756133
     420.680   0.763910
     420.830   0.771897
     420.970   0.780048
     421.100   0.788304
     421.220   0.796593
     421.331   0.804827
     421.441   0.813748
     421.541   0.822526
     421.631   0.831033
     421.721   0.840181
     421.801   0.848907
     421.881   0.858253
     421.951   0.866989
     422.021   0.876296
     422.091   0.886227
     422.151   0.895282
     422.211   0.904885
     422.271   0.915077
     422.331   0.925912
     422.382   0.935476
     422.432   0.945561
     422.482   0.956208
     422.532   0.967463
     422.582   0.979371
     422.622   0.989404
     422.662   0.999916
     422.702    1.01094
     422.742    1.02252
     422.782    1.03467
     422.822    1.04745
     422.862    1.06089
     422.902    1.07505
     422.932    1.08617
     422.962    1.09774
     422.992    1.10979
     423.022    1.12234
     423.052    1.13542
     423.082    1.14907
     423.112    1.16330
     423.142    1.17817
     423.172    1.19370
     423.202    1.20993
     423.232    1.22690
     423.262    1.24467
     423.292    1.26328
     423.312    1.27617
     423.332    1.28948
     423.352    1.30322
     423.372    1.31738
     423.393    1.33203
     423.413    1.34716
     423.433    1.36280
     423.453    1.37896
     423.473    1.39567
     423.493    1.41297
     423.513    1.43085
     423.533    1.44935
     423.553    1.46851
     423.573    1.48837
     423.593    1.50893
     423.613    1.53025
     423.633    1.55233
     423.653    1.57525
     423.673    1.59903
     423.693    1.62368
     423.713    1.64929
     423.733    1.67589
     423.753    1.70352
     423.773    1.73222
     423.793    1.76207
     423.813    1.79313
     423.833    1.82544
     423.853    1.85910
     423.873    1.89412
     423.893    1.93060
     423.913    1.96863
     423.933    2.00828
     423.943    2.02878
     423.953    2.04968
     423.963    2.07103
     423.973    2.09284
     423.983    2.11514
     423.993    2.13796
     424.003    2.16125
     424.013    2.18505
     424.023    2.20939
     424.033    2.23432
     424.043    2.25977
     424.053    2.28579
     424.063    2.31247
     424.073    2.33971
     424.083    2.36759
     424.093    2.39617
     424.103    2.42537
     424.113    2.45532
     424.123    2.48593
     424.133    2.51728
     424.143    2.54944
     424.153    2.58234
     424.163    2.61611
     424.173    2.65065
     424.183    2.68613
     424.193    2.72243
     424.203    2.75973
     424.213    2.79792
     424.223    2.83718
     424.233    2.87738
     424.243    2.91874
     424.253    2.96112
     424.263    3.00472
     424.273    3.04944
     424.283    3.09547
     424.293    3.14280
     424.303    3.19137
     424.313    3.24143
     424.323    3.29295
     424.333    3.34588
     424.343    3.40049
     424.353    3.45676
     424.363    3.51466
     424.373    3.57448
     424.383    3.63619
     424.393    3.69991
     424.404    3.76560
     424.414    3.83363
     424.424    3.90398
     424.434    3.97680
     424.444    4.05222
     424.454    4.13026
     424.464    4.21137
     424.474    4.29560
     424.484    4.38316
     424.494    4.47428
     424.504    4.56920
     424.514    4.66823
     424.524    4.77149
     424.534    4.87970
     424.544    4.99311
     424.554    5.11217
     424.564    5.23742
     424.574    5.36946
     424.584    5.50902
     424.594    5.65693
     424.604    5.81417
     424.614    5.98192
     424.624    6.16158
     424.634    6.35490
     424.644    6.56398
     424.654    6.79195
     424.664    7.04142
     424.674    7.31728
     424.684    7.62558
     424.694    7.97476
     424.704    8.37706
     424.714    8.85125
     424.724    9.42829
     424.814    8.84677
     424.824    8.37411
     424.834    7.97304
     424.844    7.62429
     424.854    7.31696
     424.864    7.04197
     424.874    6.79286
     424.884    6.56605
     424.894    6.35765
     424.904    6.16465
     424.914    5.98563
     424.924    5.81821
     424.934    5.66158
     424.944    5.51427
     424.954    5.37504
     424.964    5.24357
     424.974    5.11866
     424.984    5.00016
     424.994    4.88709
     425.004    4.77942
     425.014    4.67633
     425.024    4.57766
     425.034    4.48327
     425.044    4.39252
     425.054    4.30549
     425.064    4.22163
     425.074    4.14089
     425.084    4.06322
     425.094    3.98818
     425.104    3.91587
     425.114    3.84589
     425.124    3.77824
     425.134    3.71281
     425.144    3.64960
     425.154    3.58826
     425.164    3.52883
     425.174    3.47131
     425.184    3.41543
     425.194    3.36120
     425.204    3.30855
     425.214    3.25743
     425.224    3.20785
     425.234    3.15957
     425.244    3.11263
     425.254    3.06698
     425.264    3.02257
     425.274    2.97935
     425.284    2.93728
     425.294    2.89640
     425.304    2.85650
     425.314    2.81764
     425.324    2.77976
     425.334    2.74285
     425.344    2.70686
     425.354    2.67177
     425.364    2.63755
     425.374    2.60417
     425.384    2.57160
     425.394    2.53982
     425.404    2.50880
     425.414    2.47852
     425.424    2.44895
     425.435    2.42008
     425.445    2.39188
     425.455    2.36428
     425.465    2.33737
     425.475    2.31108
     425.485    2.28538
     425.495    2.26027
     425.505    2.23572
     425.515    2.21167
     425.525    2.18820
     425.535    2.16525
     425.545    2.14280
     425.555    2.12085
     425.565    2.09933
     425.575    2.07831
     425.595    2.03763
     425.615    1.99861
     425.635    1.96123
     425.655    1.92542
     425.675    1.89104
     425.695    1.85806
     425.715    1.82640
     425.735    1.79599
     425.755    1.76678
     425.775    1.73872
     425.795    1.71174
     425.815    1.68579
     425.835    1.66083
     425.855    1.63681
     425.875    1.61366
     425.895    1.59140
     425.915    1.56995
     425.935    1.54927
     425.955    1.52935
     425.975    1.51013
     425.995    1.49161
     426.015    1.47373
     426.035    1.45648
     426.055    1.43983
     426.075    1.42375
     426.095    1.40822
     426.115    1.39322
     426.135    1.37872
     426.155    1.36471
     426.175    1.35116
     426.205    1.33167
     426.235    1.31313
     426.265    1.29547
     426.295    1.27865
     426.325    1.26262
     426.355    1.24733
     426.385    1.23275
     426.415    1.21883
     426.445    1.20554
     426.476    1.19285
     426.506    1.18072
     426.546    1.16537
     426.586    1.15090
     426.626    1.13724
     426.666    1.12436
     426.706    1.11219
     426.746    1.10068
     426.796    1.08718
     426.846    1.07458
     426.896    1.06280
     426.946    1.05179
     427.006    1.03952
     427.066    1.02817
     427.126    1.01768
     427.196    1.00642
     427.266   0.996130
     427.346   0.985424
     427.436   0.974598
     427.527   0.964917
     427.627   0.955355
     427.747   0.945339
     427.887   0.935397
     428.047   0.925993
     428.247   0.916687
     428.528   0.907343
     429.058   0.898331
     430.479   0.907430
     430.920   0.916609
     431.290   0.926137
     431.611   0.935644
     431.901   0.945256
     432.171   0.955065
     432.421   0.964902
     432.662   0.975055
     432.882   0.985000
     433.092   0.995092
     433.292    1.00528
     433.482    1.01552
     433.673    1.02634
     433.853    1.03717
     434.023    1.04795
     434.183    1.05864
     434.343    1.06990
     434.493    1.08102
     434.633    1.09195
     434.774    1.10346
     434.904    1.11472
     435.034    1.12659
     435.154    1.13817
     435.274    1.15039
     435.384    1.16224
     435.494    1.17479
     435.594    1.18687
     435.695    1.19967
     435.785    1.21189
     435.875    1.22485
     435.965    1.23865
     436.045    1.25169
     436.125    1.26555
     436.195    1.27842
     436.265    1.29206
     436.335    1.30654
     436.405    1.32193
     436.465    1.33591
     436.525    1.35065
     436.585    1.36621
     436.645    1.38262
     436.695    1.39695
     436.746    1.41187
     436.796    1.42738
     436.846    1.44343
     436.896    1.45999
     436.946    1.47695
     436.996    1.49419
     437.046    1.51158
     437.096    1.52889
     437.146    1.54588
     437.196    1.56225
     437.256    1.58054
     437.316    1.59682
     437.436    1.61356
     437.847    1.63043
     438.027    1.64727
     438.147    1.66505
     438.237    1.68198
     438.317    1.69956
     438.387    1.71684
     438.457    1.73577
     438.527    1.75624
     438.587    1.77489
     438.647    1.79439
     438.707    1.81458
     438.768    1.83524
     438.828    1.85611
     438.888    1.87687
     438.948    1.89714
     439.008    1.91648
     439.078    1.93721
     439.148    1.95969
     439.809    1.97957
     440.049    1.99996
     440.199    2.02111
     440.319    2.04280
     440.419    2.06408
     440.509    2.08569
     440.589    2.10685
     440.669    2.12985
     440.739    2.15147
     440.810    2.17452
     440.880    2.19900
     440.950    2.22495
     441.010    2.24837
     441.070    2.27293
     441.130    2.29865
     441.190    2.32557
     441.250    2.35373
     441.300    2.37817
     441.350    2.40356
     441.400    2.42990
     441.450    2.45725
     441.500    2.48564
     441.550    2.51514
     441.600    2.54578
     441.650    2.57762
     441.690    2.60399
     441.730    2.63121
     441.770    2.65930
     441.810    2.68830
     441.851    2.71826
     441.891    2.74919
     441.931    2.78117
     441.971    2.81422
     442.011    2.84838
     442.051    2.88373
     442.091    2.92026
     442.131    2.95806
     442.171    2.99715
     442.211    3.03758
     442.241    3.06880
     442.271    3.10081
     442.301    3.13361
     442.331    3.16721
     442.361    3.20163
     442.391    3.23684
     442.421    3.27285
     442.451    3.30966
     442.481    3.34723
     442.511    3.38555
     442.541    3.42457
     442.571    3.46424
     442.601    3.50451
     442.631    3.54530
     442.661    3.58656
     442.691    3.62812
     442.721    3.66992
     442.751    3.71179
     442.781    3.75357
     442.811    3.79511
     442.841    3.83623
     442.872    3.87666
     442.902    3.91618
     442.942    3.96706
     442.982    4.01549
     443.022    4.06720
     443.092    4.11332
     443.162    4.15920
     443.242    4.20626
     443.322    4.25194
     443.402    4.29983
     443.472    4.34563
     443.542    4.39642
     443.602    4.44463
     443.662    4.49758
     443.712    4.54552
     443.762    4.59707
     443.812    4.65229
     443.862    4.71127
     443.903    4.76120
     443.943    4.81357
     443.983    4.86843
     444.023    4.92582
     444.063    4.98573
     444.103    5.04819
     444.143    5.11322
     444.183    5.18087
     444.213    5.23333
     444.243    5.28733
     444.273    5.34285
     444.303    5.39989
     444.333    5.45851
     444.363    5.51872
     444.393    5.58053
     444.423    5.64398
     444.453    5.70912
     444.483    5.77592
     444.513    5.84446
     444.543    5.91472
     444.573    5.98681
     444.603    6.06071
     444.633    6.13647
     444.663    6.21412
     444.693    6.29370
     444.723    6.37532
     444.753    6.45890
     444.783    6.54461
     444.813    6.63238
     444.843    6.72238
     444.873    6.81460
     444.904    6.90909
     444.934    7.00592
     444.964    7.10520
     444.994    7.20688
     445.024    7.31108
     445.054    7.41792
     445.084    7.52742
     445.114    7.63965
     445.144    7.75468
     445.174    7.87260
     445.194    7.95280
     445.214    8.03440
     445.234    8.11737
     445.254    8.20173
     445.274    8.28752
     445.294    8.37474
     445.314    8.46343
     445.334    8.55361
     445.354    8.64541
     445.374    8.73868
     445.394    8.83354
     445.414    8.93001
     445.434    9.02821
     445.454    9.12801
     445.474    9.22960
     445.494    9.33286
     445.514    9.43798
     445.534    9.54492
     445.554    9.65361
     445.574    9.76429
     445.594    9.87689
     445.614    9.99145
     450.419    9.88476
     450.439    9.77272
     450.459    9.66256
     450.479    9.55417
     450.499    9.44768
     450.519    9.34288
     450.539    9.23992
     450.559    9.13858
     450.579    9.03900
     450.599    8.94098
     450.619    8.84457
     450.639    8.74983
     450.659    8.65656
     450.679    8.56481
     450.699    8.47454
     450.719    8.38574
     450.739    8.29838
     450.759    8.21242
     450.779    8.12784
     450.799    8.04460
     450.819    7.96270
     450.839    7.88209
     450.859    7.80269
     450.879    7.72461
     450.899    7.64776
     450.929    7.53463
     450.959    7.42420
     450.989    7.31633
     451.019    7.21088
     451.049    7.10785
     451.080    7.00722
     451.110    6.90882
     451.140    6.81264
     451.170    6.71862
     451.200    6.62664
     451.230    6.53676
     451.260    6.44881
     451.290    6.36285
     451.320    6.27872
     451.350    6.19641
     451.380    6.11588
     451.410    6.03709
     451.440    5.95999
     451.470    5.88452
     451.500    5.81065
     451.530    5.73830
     451.560    5.66746
     451.590    5.59814
     451.620    5.53021
     451.650    5.46369
     451.680    5.39853
     451.710    5.33469
     451.740    5.27212
     451.770    5.21086
     451.800    5.15077
     451.830    5.09194
     451.860    5.03423
     451.890    4.97766
     451.920    4.92221
     451.950    4.86784
     451.980    4.81453
     452.010    4.76223
     452.040    4.71096
     452.070    4.66064
     452.101    4.61129
     452.131    4.56290
     452.161    4.51539
     452.191    4.46878
     452.221    4.42301
     452.251    4.37812
     452.281    4.33406
     452.311    4.29079
     452.351    4.23434
     452.391    4.17925
     452.431    4.12547
     452.471    4.07297
     452.511    4.02171
     452.551    3.97166
     452.591    3.92279
     452.631    3.87503
     452.671    3.82838
     452.711    3.78279
     452.751    3.73825
     452.791    3.69471
     452.831    3.65216
     452.871    3.61054
     452.911    3.56986
     452.951    3.53005
     452.991    3.49114
     453.031    3.45307
     453.071    3.41582
     453.112    3.37938
     453.152    3.34372
     453.192    3.30882
     453.232    3.27465
     453.272    3.24120
     453.312    3.20845
     453.352    3.17637
     453.402    3.13722
     453.452    3.09906
     453.502    3.06188
     453.552    3.02563
     453.602    2.99029
     453.652    2.95583
     453.702    2.92222
     453.752    2.88943
     453.802    2.85744
     453.852    2.82624
     453.902    2.79577
     453.952    2.76604
     454.002    2.73701
     454.052    2.70866
     454.102    2.68098
     454.153    2.65395
     454.203    2.62754
     454.263    2.59665
     454.323    2.56661
     454.383    2.53738
     454.443    2.50894
     454.503    2.48125
     454.563    2.45431
     454.623    2.42807
     454.683    2.40252
     454.743    2.37764
     454.803    2.35340
     454.863    2.32978
     454.933    2.30299
     455.003    2.27698
     455.073    2.25174
     455.143    2.22724
     455.214    2.20343
     455.284    2.18031
     455.354    2.15785
     455.424    2.13602
     455.494    2.11480
     455.574    2.09127
     455.654    2.06849
     455.734    2.04642
     455.814    2.02504
     455.894    2.00432
     455.974    1.98423
     456.064    1.96237
     456.154    1.94124
     456.245    1.92083
     456.335    1.90110
     456.425    1.88203
     456.525    1.86158
     456.625    1.84187
     456.725    1.82288
     456.825    1.80456
     456.935    1.78518
     457.045    1.76654
     457.155    1.74863
     457.276    1.72987
     457.396    1.71190
     457.516    1.69467
     457.646    1.67681
     457.776    1.65973
     457.916    1.64219
     458.056    1.62548
     458.206    1.60845
     458.357    1.59227
     458.517    1.57591
     458.687    1.55948
     458.857    1.54398
     459.037    1.52853
     459.227    1.51322
     459.428    1.49816
     459.648    1.48276
     459.878    1.46789
     460.128    1.45305
     460.399    1.43848
     460.699    1.42393
     461.029    1.40979
     461.410    1.39573
     461.870    1.38165
     462.461    1.36796
     463.572    1.35440
     465.464    1.36823
     465.994    1.38229
     466.384    1.39652
     466.695    1.41073
     466.955    1.42503
     467.185    1.43982
     467.385    1.45463
     467.566    1.46975
     467.726    1.48485
     467.876    1.50064
     468.016    1.51701
     468.136    1.53247
     468.256    1.54942
     468.366    1.56643
     468.466    1.58328
     468.557    1.59968
     468.647    1.61739
     468.727    1.63435
     468.807    1.65257
     468.877    1.66963
     468.947    1.68783
     469.017    1.70729
     469.077    1.72503
     469.137    1.74385
     469.197    1.76382
     469.257    1.78503
     469.307    1.80372
     469.357    1.82338
     469.407    1.84409
     469.457    1.86591
     469.508    1.88889
     469.548    1.90816
     469.588    1.92828
     469.628    1.94925
     469.668    1.97113
     469.708    1.99395
     469.748    2.01774
     469.788    2.04255
     469.828    2.06840
     469.868    2.09534
     469.908    2.12338
     469.938    2.14515
     469.968    2.16756
     469.998    2.19064
     470.028    2.21437
     470.058    2.23876
     470.088    2.26381
     470.118    2.28951
     470.148    2.31586
     470.178    2.34283
     470.208    2.37042
     470.238    2.39858
     470.268    2.42729
     470.298    2.45652
     470.328    2.48622
     470.358    2.51632
     470.388    2.54675
     470.418    2.57745
     470.448    2.60832
     470.478    2.63925
     470.508    2.67015
     470.539    2.70087
     470.569    2.73125
     470.599    2.76116
     470.629    2.79041
     470.659    2.81880
     470.699    2.85495
     470.739    2.88865
     470.779    2.91927
     470.829    2.95248
     470.879    2.98518
     470.889    3.02538
     470.899    2.98946
     471.019    2.95771
     471.089    2.92835
     471.149    2.89761
     471.209    2.86368
     471.259    2.83408
     471.309    2.80409
     471.359    2.77435
     471.409    2.74540
     471.459    2.71764
     471.519    2.68643
     471.580    2.65792
     471.650    2.62852
     471.730    2.60046
     471.830    2.57415
     472.360    2.60265
     472.440    2.63175
     472.510    2.66275
     472.570    2.69355
     472.621    2.72227
     472.671    2.75387
     472.721    2.78842
     472.761    2.81824
     472.801    2.85007
     472.841    2.88398
     472.881    2.92001
     472.921    2.95825
     472.951    2.98840
     472.981    3.01987
     473.011    3.05269
     473.041    3.08692
     473.071    3.12253
     473.101    3.15961
     473.131    3.19821
     473.161    3.23834
     473.191    3.28004
     473.221    3.32338
     473.251    3.36840
     473.281    3.41513
     473.311    3.46365
     473.341    3.51395
     473.371    3.56611
     473.401    3.62021
     473.421    3.65734
     473.441    3.69536
     473.461    3.73427
     473.481    3.77413
     473.501    3.81487
     473.521    3.85655
     473.541    3.89921
     473.561    3.94280
     473.581    3.98739
     473.602    4.03293
     473.622    4.07950
     473.642    4.12708
     473.662    4.17566
     473.682    4.22522
     473.702    4.27585
     473.722    4.32751
     473.742    4.38020
     473.762    4.43392
     473.782    4.48868
     473.802    4.54448
     473.822    4.60130
     473.842    4.65914
     473.862    4.71805
     473.882    4.77791
     473.902    4.83877
     473.922    4.90063
     473.942    4.96341
     473.962    5.02715
     473.982    5.09175
     474.002    5.15726
     474.022    5.22354
     474.042    5.29066
     474.062    5.35852
     474.082    5.42705
     474.102    5.49622
     474.122    5.56589
     474.142    5.63610
     474.162    5.70672
     474.182    5.77772
     474.202    5.84890
     474.222    5.92020
     474.242    5.99153
     474.262    6.06275
     474.282    6.13379
     474.302    6.20442
     474.322    6.27453
     474.342    6.34402
     474.362    6.41262
     474.382    6.48025
     474.402    6.54665
     474.432    6.64348
     474.462    6.73640
     474.492    6.82457
     474.522    6.90710
     474.552    6.98307
     474.592    7.07262
     474.633    7.14768
     474.673    7.22073
     474.753    7.13320
     474.793    7.05408
     474.833    6.96055
     474.863    6.88183
     474.893    6.79674
     474.923    6.70629
     474.953    6.61124
     474.973    6.54576
     474.993    6.47883
     475.013    6.41065
     475.033    6.34143
     475.053    6.27129
     475.073    6.20050
     475.093    6.12919
     475.113    6.05742
     475.133    5.98547
     475.153    5.91333
     475.173    5.84126
     475.193    5.76924
     475.213    5.69743
     475.233    5.62593
     475.253    5.55487
     475.273    5.48423
     475.293    5.41413
     475.313    5.34465
     475.333    5.27582
     475.353    5.20772
     475.373    5.14038
     475.393    5.07385
     475.413    5.00811
     475.433    4.94331
     475.453    4.87941
     475.473    4.81639
     475.493    4.75438
     475.513    4.69328
     475.533    4.63322
     475.553    4.57411
     475.573    4.51604
     475.593    4.45894
     475.613    4.40284
     475.633    4.34777
     475.654    4.29375
     475.674    4.24069
     475.694    4.18864
     475.714    4.13759
     475.734    4.08753
     475.754    4.03846
     475.774    3.99036
     475.794    3.94319
     475.814    3.89701
     475.834    3.85177
     475.854    3.80743
     475.874    3.76405
     475.894    3.72156
     475.914    3.67993
     475.934    3.63921
     475.954    3.59932
     475.974    3.56027
     475.994    3.52209
     476.014    3.48469
     476.034    3.44809
     476.054    3.41228
     476.074    3.37723
     476.094    3.34294
     476.114    3.30940
     476.134    3.27658
     476.164    3.22867
     476.194    3.18230
     476.224    3.13741
     476.254    3.09399
     476.284    3.05195
     476.314    3.01127
     476.344    2.97189
     476.374    2.93378
     476.404    2.89688
     476.434    2.86117
     476.464    2.82660
     476.494    2.79311
     476.524    2.76069
     476.554    2.72929
     476.584    2.69887
     476.614    2.66940
     476.644    2.64086
     476.674    2.61320
     476.705    2.58640
     476.735    2.56042
     476.775    2.52702
     476.815    2.49496
     476.855    2.46421
     476.895    2.43467
     476.935    2.40629
     476.975    2.37905
     477.015    2.35287
     477.055    2.32772
     477.095    2.30353
     477.135    2.28027
     477.185    2.25245
     477.235    2.22592
     477.285    2.20065
     477.335    2.17654
     477.385    2.15354
     477.435    2.13159
     477.495    2.10655
     477.555    2.08286
     477.615    2.06043
     477.675    2.03918
     477.746    2.01577
     477.816    1.99378
     477.886    1.97309
     477.966    1.95094
     478.046    1.93025
     478.126    1.91094
     478.216    1.89071
     478.306    1.87194
     478.406    1.85268
     478.516    1.83325
     478.636    1.81395
     478.767    1.79507
     478.907    1.77685
     479.067    1.75843
     479.247    1.74039
     479.457    1.72248
     479.707    1.70496
     480.018    1.68806
     480.468    1.67128
     482.991    1.68843
     483.381    1.70575
     483.691    1.72315
     483.952    1.74077
     484.182    1.75915
     484.382    1.77774
     484.552    1.79583
     484.712    1.81517
     484.852    1.83429
     484.983    1.85420
     485.093    1.87296
     485.203    1.89377
     485.303    1.91474
     485.393    1.93555
     485.473    1.95581
     485.553    1.97797
     485.623    1.99911
     485.693    2.02210
     485.753    2.04347
     485.813    2.06655
     485.873    2.09154
     485.924    2.11399
     485.974    2.13807
     486.024    2.16396
     486.064    2.18610
     486.104    2.20964
     486.144    2.23468
     486.184    2.26137
     486.224    2.28985
     486.264    2.32031
     486.294    2.34455
     486.324    2.37010
     486.354    2.39704
     486.384    2.42549
     486.414    2.45554
     486.444    2.48734
     486.474    2.52102
     486.504    2.55674
     486.534    2.59466
     486.554    2.62125
     486.574    2.64898
     486.594    2.67790
     486.614    2.70808
     486.634    2.73961
     486.654    2.77256
     486.674    2.80703
     486.694    2.84313
     486.714    2.88094
     486.734    2.92065
     486.754    2.96232
     486.774    3.00612
     486.794    3.05227
     486.814    3.10088
     486.834    3.15224
     486.854    3.20653
     486.874    3.26409
     486.894    3.32518
     486.914    3.39025
     486.935    3.45973
     486.945    3.49627
     486.955    3.53413
     486.965    3.57338
     486.975    3.61404
     486.985    3.65635
     486.995    3.70037
     487.005    3.74622
     487.015    3.79404
     487.025    3.84400
     487.035    3.89629
     487.045    3.95111
     487.055    4.00871
     487.065    4.06936
     487.075    4.13340
     487.085    4.20133
     487.095    4.27338
     487.105    4.35020
     487.115    4.43245
     487.125    4.52095
     487.135    4.61671
     487.145    4.72101
     487.155    4.83551
     487.165    4.96261
     487.175    5.10494
     487.185    5.26694
     487.195    5.45497
     487.205    5.67906
     487.215    5.95708
     487.225    6.32234
     487.235    6.85973
     487.245    7.93343
     487.265    6.89534
     487.275    6.35508
     487.285    5.99177
     487.295    5.71856
     487.305    5.49965
     487.315    5.31700
     487.325    5.16098
     487.335    5.02482
     487.345    4.90401
     487.355    4.79589
     487.365    4.69788
     487.375    4.60863
     487.385    4.52655
     487.395    4.45088
     487.405    4.38056
     487.415    4.31515
     487.425    4.25389
     487.435    4.19651
     487.445    4.14244
     487.455    4.09154
     487.465    4.04333
     487.475    3.99776
     487.485    3.95444
     487.495    3.91327
     487.505    3.87414
     487.525    3.80121
     487.545    3.73460
     487.565    3.67363
     487.585    3.61760
     487.605    3.56592
     487.625    3.51823
     487.645    3.47407
     487.665    3.43315
     487.685    3.39521
     487.705    3.35994
     487.735    3.31164
     487.765    3.26831
     487.795    3.22938
     487.825    3.19440
     487.865    3.15319
     487.905    3.11749
     487.945    3.08654
     487.996    3.05364
     488.056    3.02125
     488.126    2.99124
     488.216    2.96162
     488.336    2.93126
     488.506    2.89221
     488.566    2.85985
     488.626    2.82987
     488.686    2.79890
     488.746    2.76705
     488.806    2.73462
     488.856    2.70738
     488.906    2.68009
     488.956    2.65290
     489.007    2.62594
     489.057    2.59931
     489.107    2.57312
     489.157    2.54745
     489.217    2.51742
     489.277    2.48833
     489.337    2.46026
     489.397    2.43326
     489.457    2.40737
     489.517    2.38260
     489.577    2.35896
     489.647    2.33281
     489.717    2.30818
     489.787    2.28501
     489.867    2.26029
     489.947    2.23736
     490.038    2.21359
     490.138    2.18955
     490.238    2.16782
     490.358    2.14454
     490.488    2.12243
     490.638    2.10050
     490.808    2.07969
     491.018    2.05904
     491.299    2.03860
     491.759    2.01832
     494.091    2.03893
     494.682    2.05976
     495.203    2.08091
     495.683    2.10236
     496.133    2.12394
     496.564    2.14576
     496.974    2.16757
     497.375    2.18974
     497.765    2.21217
     498.145    2.23477
     498.516    2.25748
     498.886    2.28087
     499.247    2.30429
     499.597    2.32768
     499.947    2.35172
     500.288    2.37570
     500.628    2.40035
     500.958    2.42498
     501.279    2.44960
     501.599    2.47510
     501.909    2.50088
     502.199    2.52629
     502.480    2.55257
     502.740    2.57924
     502.970    2.60534
     503.190    2.63266
     503.401    2.65935
     503.681    2.68659
     504.121    2.71423
     504.512    2.74228
     504.922    2.76999
     505.292    2.79856
     505.623    2.82706
     505.933    2.85566
     506.233    2.88458
     506.534    2.91449
     506.824    2.94421
     507.114    2.97466
     507.404    3.00579
     507.685    3.03649
     507.965    3.06779
     508.245    3.09971
     508.516    3.13107
     508.786    3.16301
     509.056    3.19552
     509.326    3.22863
     509.597    3.26234
     509.857    3.29538
     510.117    3.32899
     510.377    3.36319
     510.638    3.39799
     510.898    3.43341
     511.158    3.46944
     511.408    3.50470
     511.659    3.54055
     511.909    3.57702
     512.159    3.61412
     512.409    3.65185
     512.660    3.69025
     512.900    3.72774
     513.140    3.76586
     513.380    3.80462
     513.621    3.84403
     513.861    3.88413
     514.101    3.92490
     514.331    3.96464
     514.561    4.00504
     514.792    4.04611
     515.022    4.08787
     515.252    4.13033
     515.482    4.17351
     515.713    4.21742
     515.933    4.26013
     516.153    4.30354
     516.373    4.34766
     516.593    4.39252
     516.814    4.43812
     517.034    4.48449
     517.254    4.53164
     517.474    4.57959
     517.685    4.62612
     517.895    4.67341
     518.105    4.72148
     518.315    4.77034
     518.525    4.82002
     518.736    4.87052
     518.946    4.92187
     519.156    4.97408
     519.356    5.02463
     519.556    5.07600
     519.757    5.12821
     519.957    5.18127
     520.157    5.23521
     520.357    5.29004
     520.557    5.34579
     520.758    5.40246
     520.948    5.45719
     521.138    5.51280
     521.328    5.56930
     521.518    5.62673
     521.708    5.68509
     521.899    5.74441
     522.089    5.80471
     522.279    5.86601
     522.469    5.92832
     522.649    5.98833
     522.830    6.04929
     523.010    6.11124
     523.190    6.17417
     523.370    6.23813
     523.550    6.30313
     523.730    6.36920
     523.911    6.43636
     524.091    6.50462
     524.271    6.57402
     524.441    6.64064
     524.611    6.70831
     524.781    6.77707
     524.952    6.84693
     525.122    6.91791
     525.292    6.99005
     525.462    7.06336
     525.632    7.13788
     525.802    7.21361
     525.973    7.29061
     526.133    7.36427
     526.293    7.43906
     526.453    7.51505
     526.613    7.59224
     526.773    7.67068
     526.934    7.75037
     527.094    7.83135
     527.254    7.91366
     527.414    7.99730
     527.574    8.08232
     527.734    8.16874
     527.894    8.25660
     528.045    8.34031
     528.195    8.42533
     528.345    8.51168
     528.495    8.59942
     528.645    8.68856
     528.795    8.77913
     528.945    8.87116
     529.096    8.96467
     529.246    9.05973
     529.396    9.15635
     529.546    9.25456
     529.696    9.35438
     529.836    9.44906
     529.977    9.54523
     530.117    9.64290
     530.257    9.74211
     530.397    9.84289
     530.537    9.94530
     585.030    9.84167
     585.190    9.74069
     585.351    9.64141
     585.511    9.54380
     585.671    9.44779
     585.831    9.35339
     585.991    9.26052
     586.161    9.16351
     586.331    9.06820
     586.502    8.97450
     586.672    8.88242
     586.842    8.79189
     587.012    8.70291
     587.182    8.61540
     587.352    8.52937
     587.523    8.44478
     587.703    8.35673
     587.883    8.27021
     588.063    8.18520
     588.243    8.10164
     588.424    8.01953
     588.604    7.93882
     588.784    7.85948
     588.964    7.78148
     589.154    7.70056
     589.344    7.62108
     589.535    7.54299
     589.725    7.46627
     589.915    7.39087
     590.105    7.31679
     590.295    7.24398
     590.496    7.16867
     590.696    7.09473
     590.896    7.02210
     591.096    6.95076
     591.296    6.88068
     591.497    6.81183
     591.697    6.74418
     591.907    6.67442
     592.117    6.60593
     592.327    6.53868
     592.538    6.47264
     592.748    6.40778
     592.958    6.34408
     593.178    6.27856
     593.398    6.21426
     593.619    6.15114
     593.839    6.08918
     594.059    6.02836
     594.279    5.96865
     594.509    5.90737
     594.740    5.84727
     594.970    5.78828
     595.200    5.73041
     595.430    5.67362
     595.671    5.61548
     595.911    5.55848
     596.151    5.50257
     596.391    5.44775
     596.642    5.39176
     596.892    5.33688
     597.142    5.28310
     597.392    5.23039
     597.653    5.17669
     597.913    5.12408
     598.173    5.07257
     598.433    5.02211
     598.704    4.97081
     598.974    4.92062
     599.244    4.87149
     599.524    4.82166
     599.805    4.77294
     600.085    4.72530
     600.375    4.67709
     600.665    4.63001
     600.956    4.58404
     601.256    4.53762
     601.556    4.49235
     601.867    4.44675
     602.177    4.40234
     602.497    4.35772
     602.818    4.31433
     603.148    4.27087
     603.488    4.22743
     603.829    4.18535
     604.179    4.14344
     604.539    4.10181
     604.910    4.06061
     605.290    4.01996
     605.680    3.98002
     606.091    3.94001
     606.521    3.90025
     606.972    3.86114
     607.452    3.82236
     607.973    3.78393
     608.543    3.74639
     609.214    3.70901
     610.115    3.67199
     612.987    3.70920
     613.408    3.74698
     613.738    3.78601
     614.008    3.82518
     614.239    3.86447
     614.439    3.90368
     614.619    3.94346
     614.789    3.98538
     614.939    4.02625
     615.080    4.06798
     615.210    4.11015
     615.330    4.15223
     615.450    4.19760
     615.560    4.24232
     615.660    4.28576
     615.760    4.33208
     615.850    4.37637
     615.940    4.42332
     616.030    4.47311
     616.111    4.51990
     616.191    4.56924
     616.271    4.62127
     616.341    4.66916
     616.411    4.71937
     616.481    4.77202
     616.551    4.82729
     616.611    4.87684
     616.671    4.92851
     616.731    4.98242
     616.791    5.03865
     616.851    5.09737
     616.911    5.15868
     616.961    5.21185
     617.011    5.26703
     617.061    5.32425
     617.112    5.38366
     617.162    5.44533
     617.212    5.50934
     617.262    5.57588
     617.312    5.64499
     617.352    5.70223
     617.392    5.76128
     617.432    5.82220
     617.472    5.88506
     617.512    5.94994
     617.552    6.01696
     617.592    6.08611
     617.632    6.15758
     617.672    6.23140
     617.712    6.30766
     617.752    6.38643
     617.792    6.46790
     617.832    6.55217
     617.872    6.63927
     617.902    6.70653
     617.932    6.77558
     617.962    6.84642
     617.992    6.91904
     618.022    6.99362
     618.052    7.07015
     618.082    7.14871
     618.112    7.22936
     618.143    7.31208
     618.173    7.39715
     618.203    7.48445
     618.233    7.57410
     618.263    7.66619
     618.293    7.76079
     618.323    7.85799
     618.353    7.95794
     618.383    8.06057
     618.413    8.16614
     618.443    8.27456
     618.473    8.38612
     618.503    8.50080
     618.533    8.61863
     618.563    8.73990
     618.593    8.86462
     618.623    8.99289
     618.653    9.12484
     618.683    9.26058
     618.713    9.40023
     618.733    9.49560
     618.753    9.59269
     618.773    9.69176
     618.793    9.79274
     618.813    9.89568
     622.577    9.79111
     622.597    9.68512
     622.617    9.58097
     622.637    9.47875
     622.657    9.37842
     622.677    9.28008
     622.697    9.18342
     622.717    9.08855
     622.737    8.99541
     622.757    8.90399
     622.777    8.81424
     622.797    8.72612
     622.817    8.63960
     622.847    8.51276
     622.877    8.38933
     622.907    8.26922
     622.937    8.15232
     622.967    8.03854
     622.997    7.92776
     623.027    7.81981
     623.057    7.71478
     623.087    7.61241
     623.117    7.51277
     623.147    7.41564
     623.177    7.32107
     623.207    7.22884
     623.237    7.13895
     623.268    7.05134
     623.298    6.96593
     623.328    6.88265
     623.358    6.80144
     623.388    6.72224
     623.418    6.64498
     623.448    6.56960
     623.478    6.49606
     623.508    6.42429
     623.538    6.35419
     623.568    6.28581
     623.598    6.21905
     623.628    6.15381
     623.658    6.09010
     623.688    6.02792
     623.718    5.96712
     623.748    5.90773
     623.788    5.83067
     623.828    5.75589
     623.868    5.68338
     623.908    5.61297
     623.948    5.54463
     623.988    5.47828
     624.028    5.41385
     624.068    5.35126
     624.108    5.29044
     624.148    5.23134
     624.188    5.17385
     624.228    5.11799
     624.268    5.06363
     624.309    5.01075
     624.349    4.95933
     624.389    4.90926
     624.429    4.86051
     624.479    4.80135
     624.529    4.74414
     624.579    4.68874
     624.629    4.63513
     624.679    4.58319
     624.729    4.53286
     624.779    4.48408
     624.829    4.43677
     624.879    4.39091
     624.929    4.34641
     624.979    4.30324
     625.039    4.25307
     625.099    4.20466
     625.159    4.15789
     625.219    4.11269
     625.279    4.06899
     625.340    4.02675
     625.400    3.98588
     625.460    3.94633
     625.530    3.90176
     625.600    3.85883
     625.670    3.81743
     625.740    3.77751
     625.810    3.73899
     625.880    3.70181
     625.960    3.66086
     626.040    3.62146
     626.120    3.58357
     626.200    3.54709
     626.280    3.51193
     626.371    3.47390
     626.461    3.43737
     626.551    3.40229
     626.641    3.36856
     626.741    3.33257
     626.841    3.29806
     626.941    3.26495
     627.051    3.23006
     627.161    3.19667
     627.271    3.16467
     627.392    3.13127
     627.512    3.09935
     627.642    3.06631
     627.772    3.03478
     627.902    3.00466
     628.042    2.97369
     628.182    2.94413
     628.332    2.91393
     628.493    2.88328
     628.653    2.85410
     628.823    2.82462
     628.993    2.79658
     629.173    2.76834
     629.363    2.74002
     629.564    2.71175
     629.774    2.68361
     629.984    2.65693
     630.204    2.63042
     630.435    2.60415
     630.675    2.57817
     630.925    2.55255
     631.195    2.52637
     631.476    2.50071
     631.766    2.47560
     632.066    2.45105
     632.386    2.42631
     632.717    2.40221
     633.067    2.37808
     633.437    2.35401
     633.818    2.33070
     634.218    2.30753
     634.639    2.28459
     635.079    2.26192
     635.549    2.23911
     636.040    2.21671
     636.550    2.19475
     637.091    2.17285
     637.662    2.15112
     638.262    2.12961
     638.893    2.10841
     639.563    2.08726
     640.264    2.06656
     641.005    2.04609
     641.796    2.02571
     642.636    2.00557
     643.537    1.98559
     644.508    1.96577
     645.559    1.94620
     646.710    1.92688
     648.002    1.90778
     649.523    1.88883
     651.615    1.87012
     655.569    1.88918
     656.120    1.90836
     656.520    1.92808
     656.840    1.94790
     657.121    1.96811
     657.381    1.98860
     657.641    2.00939
     657.931    2.03001
     658.342    2.05098
     658.692    2.03005
     658.962    2.00946
     659.193    1.98928
     659.423    1.96871
     659.653    1.94897
     659.903    1.92925
     660.184    1.90974
     660.504    1.89081
     660.894    1.87209
     661.405    1.85343
     662.135    1.83493
     663.387    1.81667
     674.177    1.83503
     676.169    1.85361
     677.841    1.87239
     679.312    1.89141
     680.633    1.91058
     681.845    1.92996
     682.966    1.94952
     684.017    1.96933
     685.008    1.98938
     685.939    2.00948
     686.830    2.02992
     687.680    2.05059
     688.491    2.07137
     689.272    2.09244
     690.023    2.11370
     690.743    2.13509
     691.444    2.15684
     692.125    2.17891
     692.785    2.20124
     693.426    2.22380
     694.047    2.24654
     694.647    2.26940
     695.228    2.29233
     695.798    2.31569
     696.359    2.33948
     696.899    2.36323
     697.430    2.38734
     697.950    2.41179
     698.461    2.43658
     698.961    2.46168
     699.442    2.48655
     699.922    2.51220
     700.393    2.53810
     700.853    2.56423
     701.304    2.59057
     701.744    2.61708
     702.174    2.64376
     702.595    2.67056
     703.015    2.69813
     703.426    2.72582
     703.826    2.75358
     704.227    2.78211
     704.617    2.81070
     704.997    2.83931
     705.378    2.86870
     705.748    2.89809
     706.108    2.92743
     706.469    2.95756
     706.819    2.98762
     707.169    3.01846
     707.510    3.04921
     707.850    3.08077
     708.180    3.11220
     708.511    3.14446
     708.831    3.17658
     709.151    3.20955
     709.462    3.24235
     709.772    3.27605
     710.072    3.30958
     710.372    3.34407
     710.663    3.37841
     710.943    3.41257
     711.223    3.44782
     711.494    3.48299
     711.764    3.51946
     712.024    3.55601
     712.274    3.59272
     712.515    3.62972
     712.745    3.66716
     712.965    3.70527
     713.175    3.74434
     713.365    3.78262
     713.546    3.82227
     713.706    3.86115
     713.856    3.90167
     713.996    3.94416
     714.116    3.98524
     714.226    4.02778
     714.326    4.07158
     714.416    4.11622
     714.497    4.16109
     714.567    4.20519
     714.637    4.25481
     714.697    4.30257
     714.747    4.34675
     714.797    4.39562
     714.847    4.44997
     714.887    4.49808
     714.927    4.55099
     714.967    4.60952
     714.997    4.65771
     715.027    4.71016
     715.057    4.76761
     715.087    4.83082
     715.117    4.90097
     715.137    4.95230
     715.157    5.00801
     715.177    5.06869
     715.197    5.13534
     715.217    5.20929
     715.237    5.29203
     715.257    5.38601
     715.277    5.49481
     715.287    5.55623
     715.297    5.62357
     715.307    5.69825
     715.317    5.78165
     715.327    5.87633
     715.337    5.98583
     715.347    6.11600
     715.357    6.27569
     715.367    6.48316
     715.377    6.78071
     715.387    7.32573
     715.397    7.82148
     715.407    6.95502
     715.417    6.59546
     715.427    6.36275
     715.437    6.19014
     715.447    6.05277
     715.457    5.93924
     715.467    5.84244
     715.477    5.75800
     715.487    5.68349
     715.497    5.61676
     715.508    5.55629
     715.518    5.50127
     715.538    5.40400
     715.558    5.32026
     715.578    5.24697
     715.598    5.18209
     715.618    5.12393
     715.638    5.07145
     715.668    5.00150
     715.698    4.94027
     715.728    4.88612
     715.768    4.82303
     715.808    4.76851
     715.848    4.72106
     715.898    4.66998
     715.958    4.61865
     716.028    4.56986
     716.118    4.52101
     716.238    4.47427
     716.438    4.42898
     717.549    4.47437
     717.850    4.51972
     718.120    4.56567
     718.380    4.61347
     718.621    4.66017
     718.861    4.70904
     719.091    4.75772
     719.311    4.80585
     719.531    4.85544
     719.752    4.90645
     719.962    4.95643
     720.172    5.00766
     720.382    5.06013
     720.582    5.11126
     720.783    5.16351
     720.983    5.21692
     721.183    5.27148
     721.383    5.32722
     721.573    5.38128
     721.764    5.43643
     721.954    5.49270
     722.144    5.55012
     722.334    5.60869
     722.524    5.66845
     722.705    5.72619
     722.885    5.78504
     723.065    5.84503
     723.245    5.90619
     723.425    5.96853
     723.605    6.03210
     723.776    6.09329
     723.946    6.15561
     724.116    6.21910
     724.286    6.28378
     724.456    6.34967
     724.626    6.41684
     724.797    6.48527
     724.957    6.55088
     725.117    6.61768
     725.277    6.68571
     725.437    6.75496
     725.597    6.82549
     725.758    6.89734
     725.918    6.97052
     726.078    7.04508
     726.228    7.11625
     726.378    7.18869
     726.528    7.26240
     726.678    7.33745
     726.829    7.41385
     726.979    7.49162
     727.129    7.57084
     727.279    7.65149
     727.429    7.73362
     727.579    7.81730
     727.719    7.89679
     727.860    7.97769
     728.000    8.05999
     728.140    8.14376
     728.280    8.22900
     728.420    8.31581
     728.560    8.40413
     728.700    8.49409
     728.841    8.58567
     728.981    8.67893
     729.111    8.76704
     729.241    8.85671
     729.371    8.94791
     729.501    9.04068
     729.631    9.13509
     729.761    9.23117
     729.892    9.32892
     730.022    9.42840
     730.152    9.52967
     730.282    9.63278
     730.412    9.73773
     730.532    9.83632
     730.652    9.93655
     775.336    9.82655
     775.406    9.71754
     775.476    9.61532
     775.546    9.51909
     775.626    9.41560
     775.706    9.31812
     775.796    9.21477
     775.886    9.11721
     775.977    9.02479
     776.077    8.92727
     776.177    8.83456
     776.277    8.74605
     776.387    8.65302
     776.497    8.56394
     776.607    8.47840
     776.727    8.38866
     776.847    8.30224
     776.967    8.21880
     777.098    8.13143
     777.228    8.04693
     777.358    7.96500
     777.488    7.88544
     777.628    7.80219
     777.768    7.72127
     777.908    7.64249
     778.049    7.56569
     778.189    7.49077
     778.339    7.41242
     778.489    7.33596
     778.639    7.26127
     778.789    7.18827
     778.939    7.11686
     779.100    7.04235
     779.260    6.96949
     779.420    6.89820
     779.580    6.82840
     779.740    6.76004
     779.900    6.69307
     780.070    6.62334
     780.241    6.55507
     780.411    6.48818
     780.581    6.42263
     780.751    6.35838
     780.921    6.29536
     781.102    6.22997
     781.282    6.16588
     781.462    6.10306
     781.642    6.04147
     781.822    5.98107
     782.002    5.92182
     782.193    5.86051
     782.383    5.80040
     782.573    5.74147
     782.763    5.68368
     782.953    5.62700
     783.154    5.56850
     783.354    5.51117
     783.554    5.45496
     783.754    5.39984
     783.954    5.34581
     784.154    5.29280
     784.365    5.23822
     784.575    5.18473
     784.785    5.13229
     784.995    5.08086
     785.206    5.03044
     785.426    4.97866
     785.646    4.92790
     785.866    4.87815
     786.086    4.82939
     786.307    4.78157
     786.537    4.73258
     786.767    4.68456
     786.997    4.63750
     787.227    4.59138
     787.468    4.54423
     787.708    4.49803
     787.948    4.45276
     788.188    4.40841
     788.439    4.36315
     788.689    4.31882
     788.939    4.27540
     789.189    4.23286
     789.450    4.18954
     789.710    4.14711
     789.970    4.10557
     790.230    4.06488
     790.501    4.02350
     790.771    3.98300
     791.041    3.94334
     791.321    3.90308
     791.602    3.86369
     791.882    3.82513
     792.172    3.78605
     792.463    3.74782
     792.753    3.71041
     793.053    3.67255
     793.353    3.63552
     793.654    3.59930
     793.964    3.56269
     794.274    3.52690
     794.585    3.49190
     794.905    3.45657
     795.225    3.42203
     795.556    3.38723
     795.886    3.35321
     796.216    3.31996
     796.557    3.28649
     796.897    3.25379
     797.247    3.22091
     797.598    3.18879
     797.958    3.15653
     798.318    3.12504
     798.689    3.09344
     799.059    3.06260
     799.439    3.03169
     799.820    3.00153
     800.210    2.97133
     800.601    2.94187
     801.001    2.91240
     801.411    2.88295
     801.822    2.85425
     802.242    2.82559
     802.673    2.79700
     803.103    2.76916
     803.543    2.74141
     803.994    2.71378
     804.444    2.68688
     804.905    2.66011
     805.375    2.63350
     805.856    2.60707
     806.346    2.58084
     806.847    2.55482
     807.357    2.52904
     807.868    2.50400
     808.388    2.47919
     808.929    2.45419
     809.479    2.42949
     810.040    2.40509
     810.610    2.38103
     811.191    2.35730
     811.781    2.33391
     812.392    2.31050
     813.013    2.28749
     813.653    2.26452
     814.304    2.24198
     814.975    2.21954
     815.665    2.19726
     816.366    2.17547
     817.087    2.15388
     817.827    2.13254
     818.598    2.11120
     819.389    2.09021
     820.210    2.06936
     821.060    2.04873
     821.941    2.02841
     822.862    2.00828
     823.833    1.98832
     824.864    1.96863
     825.995    1.94900
     827.297    1.92963
     831.511    1.94946
     831.791    1.96976
     831.991    1.98973
     832.151    2.01023
     832.281    2.03072
     832.392    2.05145
     832.492    2.07359
     832.582    2.09674
     832.662    2.12038
     832.732    2.14384
     832.792    2.16630
     832.852    2.19129
     832.902    2.21427
     832.952    2.23946
     833.002    2.26713
     833.042    2.29124
     833.082    2.31733
     833.122    2.34554
     833.162    2.37613
     833.192    2.40079
     833.222    2.42704
     833.252    2.45497
     833.282    2.48479
     833.312    2.51662
     833.342    2.55064
     833.372    2.58701
     833.403    2.62591
     833.423    2.65342
     833.443    2.68225
     833.463    2.71248
     833.483    2.74419
     833.503    2.77749
     833.523    2.81247
     833.543    2.84924
     833.563    2.88793
     833.583    2.92867
     833.603    2.97159
     833.623    3.01687
     833.643    3.06467
     833.663    3.11520
     833.683    3.16866
     833.703    3.22531
     833.723    3.28542
     833.743    3.34930
     833.763    3.41744
     833.773    3.45313
     833.783    3.49001
     833.793    3.52814
     833.803    3.56760
     833.813    3.60845
     833.823    3.65077
     833.833    3.69466
     833.843    3.74021
     833.853    3.78751
     833.863    3.83669
     833.873    3.88807
     833.883    3.94141
     833.893    3.99705
     833.903    4.05517
     833.913    4.11597
     833.923    4.17967
     833.933    4.24652
     833.943    4.31683
     833.953    4.39091
     833.963    4.46947
     833.973    4.55236
     833.983    4.64042
     833.993    4.73425
     834.003    4.83464
     834.013    4.94248
     834.023    5.05893
     834.033    5.18588
     834.043    5.32419
     834.053    5.47665
     834.063    5.64637
     834.073    5.83763
     834.083    6.05653
     834.093    6.31223
     834.103    6.62067
     834.113    7.00542
     834.123    7.51971
     834.133    8.29929
     834.153    9.36318
     834.163    8.05953
     834.173    7.37096
     834.183    6.89712
     834.193    6.53532
     834.203    6.24169
     834.213    5.99626
     834.223    5.78490
     834.233    5.59939
     834.243    5.43420
     834.253    5.28485
     834.263    5.14958
     834.273    5.02560
     834.283    4.91125
     834.293    4.80480
     834.303    4.70596
     834.313    4.61347
     834.323    4.52658
     834.333    4.44471
     834.343    4.36705
     834.353    4.29375
     834.363    4.22415
     834.373    4.15767
     834.383    4.09453
     834.393    4.03423
     834.404    3.97655
     834.414    3.92110
     834.424    3.86812
     834.434    3.81725
     834.444    3.76835
     834.454    3.72112
     834.464    3.67580
     834.474    3.63210
     834.484    3.58980
     834.494    3.54910
     834.504    3.50978
     834.514    3.47176
     834.524    3.43484
     834.534    3.39924
     834.544    3.36476
     834.554    3.33122
     834.574    3.26741
     834.594    3.20721
     834.614    3.15045
     834.634    3.09694
     834.654    3.04624
     834.674    2.99825
     834.694    2.95284
     834.714    2.90968
     834.734    2.86869
     834.754    2.82974
     834.774    2.79275
     834.794    2.75748
     834.814    2.72388
     834.834    2.69184
     834.854    2.66129
     834.874    2.63212
     834.894    2.60432
     834.914    2.57771
     834.944    2.53993
     834.974    2.50461
     835.004    2.47151
     835.034    2.44043
     835.064    2.41128
     835.094    2.38384
     835.124    2.35805
     835.154    2.33373
     835.194    2.30348
     835.234    2.27547
     835.274    2.24950
     835.314    2.22537
     835.354    2.20294
     835.404    2.17704
     835.455    2.15328
     835.505    2.13146
     835.565    2.10753
     835.625    2.08579
     835.695    2.06287
     835.765    2.04224
     835.845    2.02110
     835.935    1.99998
     836.035    1.97932
     836.145    1.95945
     836.275    1.93915
     836.425    1.91921
     836.596    1.90016
     836.806    1.88067
     837.056    1.86183
     837.366    1.84322
     837.767    1.82459
     838.287    1.80633
     838.998    1.78832
     840.209    1.77058
     841.601    1.75284
     842.561    1.73541
     844.023    1.71821
     845.955    1.70116
     848.337    1.68427
     851.320    1.66756
     855.614    1.65104
     877.305    1.66775
     879.998    1.68462
     882.160    1.70165
     883.982    1.71886
     885.563    1.73630
     886.955    1.75390
     888.196    1.77170
     889.317    1.78974
     890.328    1.80788
     891.249    1.82620
     892.090    1.84467
     892.861    1.86330
     893.571    1.88218
     894.232    1.90146
     894.832    1.92071
     895.393    1.94048
     895.904    1.96033
     896.374    1.98057
     896.794    2.00063
     897.185    2.02130
     897.535    2.04188
     897.855    2.06263
     898.156    2.08388
     898.436    2.10516
     898.706    2.12656
     898.987    2.14876
     899.287    2.17083
     899.707    2.19312
     900.238    2.21557
     900.698    2.23811
     901.079    2.26136
     901.399    2.28477
     901.679    2.30829
     901.929    2.33180
     902.160    2.35553
     902.380    2.38007
     902.590    2.40505
     902.790    2.43001
     902.990    2.45577
     903.181    2.48060
     903.381    2.50620
     903.591    2.53275
     903.791    2.55910
     903.981    2.58589
     904.162    2.61349
     904.322    2.64030
     904.472    2.66775
     904.612    2.69568
     904.742    2.72385
     904.862    2.75196
     904.982    2.78228
     905.092    2.81213
     905.193    2.84107
     905.293    2.87175
     905.383    2.90082
     905.473    2.93122
     905.563    2.96277
     905.653    2.99526
     905.743    3.02831
     905.833    3.06141
     905.923    3.09391
     906.023    3.12830
     906.133    3.16248
     906.284    3.19452
     906.684    3.22727
     907.084    3.26024
     907.325    3.29407
     907.505    3.32749
     907.665    3.36290
     907.805    3.39814
     907.935    3.43430
     908.055    3.47058
     908.165    3.50620
     908.276    3.54410
     908.376    3.58054
     908.476    3.61885
     908.576    3.65907
     908.666    3.69692
     908.756    3.73637
     908.846    3.77745
     908.936    3.82019
     909.016    3.85962
     909.096    3.90043
     909.176    3.94268
     909.257    3.98640
     909.337    4.03163
     909.407    4.07249
     909.477    4.11459
     909.547    4.15797
     909.617    4.20264
     909.687    4.24869
     909.757    4.29611
     909.827    4.34500
     909.897    4.39538
     909.957    4.43981
     910.017    4.48541
     910.077    4.53223
     910.137    4.58029
     910.197    4.62964
     910.258    4.68035
     910.318    4.73241
     910.378    4.78593
     910.438    4.84088
     910.498    4.89739
     910.558    4.95547
     910.618    5.01518
     910.668    5.06625
     910.718    5.11849
     910.768    5.17202
     910.818    5.22679
     910.868    5.28292
     910.918    5.34041
     910.968    5.39930
     911.018    5.45965
     911.068    5.52149
     911.118    5.58488
     911.168    5.64990
     911.218    5.71652
     911.268    5.78484
     911.319    5.85496
     911.369    5.92685
     911.419    6.00066
     911.469    6.07641
     911.509    6.13845
     911.549    6.20175
     911.589    6.26646
     911.629    6.33256
     911.669    6.40010
     911.709    6.46916
     911.749    6.53967
     911.789    6.61174
     911.829    6.68541
     911.869    6.76072
     911.909    6.83779
     911.949    6.91654
     911.989    6.99715
     912.029    7.07953
     912.069    7.16389
     912.109    7.25013
     912.149    7.33846
     912.189    7.42886
     912.229    7.52142
     912.269    7.61609
     912.310    7.71312
     912.350    7.81250
     912.390    7.91429
     912.430    8.01857
     912.470    8.12543
     912.510    8.23494
     912.540    8.31889
     912.570    8.40441
     912.600    8.49155
     912.630    8.58034
     912.660    8.67083
     912.690    8.76305
     912.720    8.85705
     912.750    8.95287
     912.780    9.05056
     912.810    9.15016
     912.840    9.25183
     912.870    9.35540
     912.900    9.46103
     912.930    9.56877
     912.960    9.67880
     912.990    9.79093
     913.020    9.90533
     920.297    9.79030
     920.327    9.68245
     920.357    9.57662
     920.387    9.47300
     920.417    9.37130
     920.447    9.27170
     920.477    9.17392
     920.508    9.07815
     920.538    8.98411
     920.568    8.89197
     920.598    8.80150
     920.628    8.71274
     920.658    8.62575
     920.688    8.54030
     920.728    8.42885
     920.768    8.32024
     920.808    8.21420
     920.848    8.11076
     920.888    8.00982
     920.928    7.91130
     920.968    7.81515
     921.008    7.72127
     921.048    7.62962
     921.088    7.54012
     921.128    7.45270
     921.168    7.36732
     921.208    7.28389
     921.248    7.20231
     921.288    7.12265
     921.328    7.04473
     921.368    6.96863
     921.408    6.89416
     921.448    6.82141
     921.488    6.75021
     921.529    6.68056
     921.569    6.61250
     921.609    6.54585
     921.649    6.48064
     921.699    6.40111
     921.749    6.32368
     921.799    6.24830
     921.849    6.17483
     921.899    6.10332
     921.949    6.03361
     921.999    5.96573
     922.049    5.89953
     922.099    5.83500
     922.149    5.77210
     922.199    5.71076
     922.249    5.65094
     922.299    5.59258
     922.349    5.53566
     922.399    5.48011
     922.459    5.41520
     922.519    5.35215
     922.580    5.29088
     922.640    5.23135
     922.700    5.17348
     922.760    5.11719
     922.820    5.06248
     922.880    5.00923
     922.940    4.95747
     923.000    4.90707
     923.060    4.85802
     923.130    4.80243
     923.200    4.74856
     923.270    4.69632
     923.340    4.64567
     923.410    4.59653
     923.480    4.54884
     923.550    4.50255
     923.621    4.45762
     923.701    4.40789
     923.781    4.35976
     923.861    4.31322
     923.941    4.26819
     924.021    4.22459
     924.101    4.18238
     924.191    4.13649
     924.281    4.09221
     924.371    4.04947
     924.461    4.00821
     924.551    3.96837
     924.652    3.92569
     924.752    3.88461
     924.852    3.84506
     924.952    3.80696
     925.062    3.76667
     925.172    3.72798
     925.282    3.69082
     925.402    3.65194
     925.522    3.61471
     925.653    3.57613
     925.783    3.53931
     925.913    3.50412
     926.053    3.46798
     926.193    3.43355
     926.343    3.39846
     926.503    3.36296
     926.664    3.32935
     926.834    3.29557
     927.014    3.26185
     927.204    3.22838
     927.404    3.19537
     927.614    3.16298
     927.835    3.13138
     928.075    3.09943
     928.325    3.06874
     928.595    3.03834
     928.896    3.00762
     929.226    2.97723
     929.596    2.94701
     930.007    2.91780
     930.487    2.88873
     931.068    2.86010
     931.839    2.83158
     933.160    2.80351
     937.124    2.83202
     938.155    2.86068
     938.996    2.88961
     939.736    2.91912
     940.407    2.94905
     941.018    2.97894
     941.588    3.00917
     942.129    3.03988
     942.639    3.07076
     943.130    3.10219
     943.600    3.13399
     944.050    3.16599
     944.481    3.19804
     944.901    3.23076
     945.312    3.26410
     945.702    3.29712
     946.082    3.33058
     946.453    3.36441
     946.813    3.39854
     947.164    3.43293
     947.514    3.46852
     947.854    3.50431
     948.185    3.54023
     948.505    3.57621
     948.825    3.61335
     949.135    3.65049
     949.436    3.68755
     949.736    3.72576
     950.026    3.76382
     950.317    3.80303
     950.597    3.84201
     950.877    3.88215
     951.147    3.92198
     951.418    3.96296
     951.678    4.00355
     951.938    4.04529
     952.188    4.08653
     952.439    4.12892
     952.679    4.17073
     952.919    4.21366
     953.159    4.25777
     953.390    4.30118
     953.620    4.34575
     953.850    4.39151
     954.070    4.43645
     954.290    4.48258
     954.511    4.52993
     954.721    4.57632
     954.931    4.62391
     955.141    4.67276
     955.341    4.72049
     955.542    4.76944
     955.742    4.81966
     955.932    4.86859
     956.122    4.91875
     956.312    4.97020
     956.503    5.02297
     956.683    5.07425
     956.863    5.12681
     957.043    5.18072
     957.223    5.23602
     957.393    5.28957
     957.564    5.34447
     957.734    5.40075
     957.904    5.45850
     958.064    5.51422
     958.224    5.57132
     958.384    5.62987
     958.545    5.68992
     958.695    5.74762
     958.845    5.80677
     958.995    5.86739
     959.145    5.92955
     959.295    5.99333
     959.435    6.05435
     959.576    6.11689
     959.716    6.18101
     959.856    6.24676
     959.996    6.31423
     960.126    6.37848
     960.256    6.44431
     960.386    6.51181
     960.517    6.58103
     960.647    6.65206
     960.767    6.71930
     960.887    6.78820
     961.007    6.85885
     961.127    6.93129
     961.247    7.00562
     961.367    7.08191
     961.477    7.15362
     961.588    7.22714
     961.698    7.30252
     961.808    7.37984
     961.918    7.45919
     962.028    7.54064
     962.138    7.62430
     962.238    7.70235
     962.338    7.78240
     962.438    7.86448
     962.539    7.94873
     962.639    8.03524
     962.739    8.12405
     962.839    8.21532
     962.929    8.29965
     963.019    8.38612
     963.109    8.47484
     963.199    8.56590
     963.289    8.65940
     963.379    8.75544
     963.469    8.85412
     963.549    8.94417
     963.630    9.03650
     963.710    9.13122
     963.790    9.22837
     963.870    9.32813
     963.950    9.43056
     964.030    9.53578
     964.110    9.64394
     964.190    9.75516
     964.260    9.85506
     964.330    9.95749
     998.984    26.3827
