     200.000   0.208130
     200.400   0.206035
     200.830   0.203984
     201.299   0.201959
     201.819   0.199955
     202.409   0.197952
     203.078   0.195987
     203.868   0.194039
     204.837   0.192114
     206.137   0.190210
     208.405   0.188324
     216.321   0.190232
     218.520   0.192156
     220.389   0.194097
     222.088   0.196067
     223.667   0.198052
     225.166   0.200059
     226.605   0.202087
     227.995   0.204132
     229.354   0.206209
     230.673   0.208293
     231.972   0.210406
     233.252   0.212545
     234.511   0.214702
     235.750   0.216874
     236.980   0.219075
     238.199   0.221303
     239.408   0.223554
     240.608   0.225828
     241.797   0.228123
     242.976   0.230436
     244.146   0.232767
     245.315   0.235135
     246.474   0.237518
     247.634   0.239937
     248.783   0.242371
     249.933   0.244839
     251.072   0.247321
     252.211   0.249837
     253.341   0.252366
     254.470   0.254930
     255.599   0.257528
     256.720   0.260141
     257.841   0.262791
     258.952   0.265453
     260.063   0.268150
     261.164   0.270860
     262.265   0.273606
     263.366   0.276390
     264.457   0.279186
     265.549   0.282022
     266.640   0.284896
     267.721   0.287785
     268.802   0.290715
     269.873   0.293660
     270.944   0.296648
     272.005   0.299652
     273.066   0.302702
     274.117   0.305770
     275.168   0.308886
     276.209   0.312022
     277.240   0.315178
     278.271   0.318388
     279.292   0.321621
     280.303   0.324878
     281.304   0.328162
     282.305   0.331506
     283.296   0.334880
     284.277   0.338287
     285.248   0.341727
     286.209   0.345203
     287.160   0.348717
     288.101   0.352273
     289.021   0.355834
     289.932   0.359440
     290.833   0.363096
     291.724   0.366804
     292.595   0.370527
     293.456   0.374310
     294.297   0.378112
     295.117   0.381934
     295.928   0.385828
     296.719   0.389748
     297.490   0.393697
     298.240   0.397676
     298.981   0.401744
     299.702   0.405850
     300.403   0.409997
     301.083   0.414186
     301.744   0.418419
     302.384   0.422698
     303.005   0.427023
     303.606   0.431396
     304.186   0.435816
     304.747   0.440284
     305.287   0.444796
     305.808   0.449352
     306.308   0.453947
     306.789   0.458577
     307.249   0.463236
     307.700   0.468024
     308.130   0.472834
     308.540   0.477657
     308.941   0.482605
     309.321   0.487549
     309.682   0.492474
     310.032   0.497507
     310.372   0.502650
     310.693   0.507738
     311.003   0.512917
     311.303   0.518184
     311.593   0.523535
     311.874   0.528964
     312.144   0.534464
     312.404   0.540026
     312.654   0.545642
     312.895   0.551297
     313.125   0.556981
     313.345   0.562678
     313.555   0.568370
     313.766   0.574329
     313.966   0.580272
     314.156   0.586175
     314.346   0.592348
     314.526   0.598462
     314.706   0.604852
     314.877   0.611159
     315.037   0.617352
     315.197   0.623810
     315.347   0.630121
     315.497   0.636695
     315.647   0.643551
     315.788   0.650217
     315.928   0.657160
     316.058   0.663868
     316.188   0.670843
     316.318   0.678100
     316.438   0.685065
     316.558   0.692300
     316.678   0.699819
     316.789   0.706977
     316.899   0.714402
     317.009   0.722108
     317.119   0.730112
     317.219   0.737659
     317.319   0.745481
     317.419   0.753590
     317.519   0.762001
     317.609   0.769845
     317.699   0.777958
     317.789   0.786358
     317.880   0.795058
     317.970   0.804073
     318.050   0.812365
     318.130   0.820931
     318.210   0.829785
     318.290   0.838941
     318.370   0.848414
     318.450   0.858219
     318.520   0.867086
     318.590   0.876232
     318.660   0.885672
     318.730   0.895415
     318.800   0.905480
     318.871   0.915880
     318.941   0.926632
     319.001   0.936139
     319.061   0.945928
     319.121   0.956010
     319.181   0.966398
     319.241   0.977104
     319.301   0.988143
     319.361   0.999526
     319.421    1.01127
     319.481    1.02339
     319.531    1.03379
     319.581    1.04447
     319.631    1.05545
     319.681    1.06673
     319.731    1.07831
     319.781    1.09022
     319.831    1.10247
     319.882    1.11506
     319.932    1.12800
     319.982    1.14131
     320.032    1.15499
     320.082    1.16907
     320.132    1.18354
     320.182    1.19841
     320.222    1.21061
     320.262    1.22308
     320.302    1.23582
     320.342    1.24884
     320.382    1.26214
     320.422    1.27571
     320.462    1.28957
     320.502    1.30371
     320.542    1.31814
     320.582    1.33283
     320.622    1.34781
     320.662    1.36305
     320.702    1.37856
     320.742    1.39433
     320.782    1.41034
     320.822    1.42660
     320.862    1.44308
     320.903    1.45977
     320.943    1.47666
     320.983    1.49372
     321.023    1.51095
     321.063    1.52831
     321.103    1.54578
     321.143    1.56334
     321.183    1.58099
     321.223    1.59959
     321.273    1.61995
     321.313    1.63703
     321.353    1.65423
     321.393    1.67161
     321.433    1.68921
     321.473    1.70708
     321.513    1.72527
     321.553    1.74381
     321.593    1.76276
     321.633    1.78215
     321.673    1.80203
     321.713    1.82245
     321.753    1.84341
     321.793    1.86498
     321.833    1.88717
     321.873    1.91003
     321.914    1.93360
     321.954    1.95788
     321.994    1.98294
     322.034    2.00878
     322.074    2.03545
     322.104    2.05602
     322.134    2.07708
     322.164    2.09863
     322.194    2.12071
     322.224    2.14332
     322.254    2.16647
     322.284    2.19019
     322.314    2.21446
     322.344    2.23932
     322.374    2.26478
     322.404    2.29085
     322.434    2.31753
     322.464    2.34487
     322.494    2.37284
     322.524    2.40150
     322.554    2.43081
     322.584    2.46083
     322.614    2.49156
     322.644    2.52302
     322.674    2.55521
     322.704    2.58816
     322.734    2.62189
     322.764    2.65640
     322.794    2.69172
     322.824    2.72787
     322.854    2.76485
     322.884    2.80269
     322.914    2.84141
     322.945    2.88102
     322.975    2.92155
     323.005    2.96300
     323.035    3.00540
     323.065    3.04876
     323.095    3.09312
     323.125    3.13848
     323.155    3.18486
     323.185    3.23229
     323.215    3.28078
     323.245    3.33035
     323.265    3.36400
     323.285    3.39815
     323.305    3.43280
     323.325    3.46796
     323.345    3.50362
     323.365    3.53979
     323.385    3.57651
     323.405    3.61373
     323.425    3.65149
     323.445    3.68977
     323.465    3.72861
     323.485    3.76799
     323.505    3.80792
     323.525    3.84840
     323.545    3.88943
     323.565    3.93102
     323.585    3.97317
     323.605    4.01591
     323.625    4.05920
     323.645    4.10308
     323.665    4.14753
     323.685    4.19253
     323.705    4.23814
     323.725    4.28432
     323.745    4.33108
     323.765    4.37845
     323.785    4.42636
     323.805    4.47489
     323.825    4.52396
     323.845    4.57364
     323.865    4.62390
     323.885    4.67468
     323.905    4.72607
     323.925    4.77802
     323.945    4.83056
     323.966    4.88362
     323.986    4.93721
     324.006    4.99138
     324.026    5.04605
     324.046    5.10127
     324.066    5.15700
     324.086    5.21322
     324.106    5.26993
     324.126    5.32711
     324.146    5.38474
     324.166    5.44282
     324.186    5.50135
     324.206    5.56025
     324.226    5.61957
     324.246    5.67921
     324.266    5.73923
     324.286    5.79956
     324.306    5.86017
     324.326    5.92104
     324.346    5.98218
     324.366    6.04348
     324.386    6.10493
     324.416    6.19737
     324.446    6.28997
     324.476    6.38257
     324.506    6.47506
     324.536    6.56725
     324.566    6.65894
     324.596    6.74995
     324.626    6.84007
     324.656    6.92911
     324.686    7.01680
     324.716    7.10289
     324.746    7.18711
     324.776    7.26919
     324.806    7.34878
     324.836    7.42557
     324.876    7.52297
     324.916    7.61382
     324.956    7.69716
     325.007    7.78909
     325.067    7.87891
     325.137    7.96555
     325.237    7.88223
     325.297    7.79354
     325.347    7.70248
     325.387    7.61983
     325.427    7.52960
     325.467    7.43282
     325.497    7.35649
     325.527    7.27736
     325.557    7.19572
     325.587    7.11192
     325.617    7.02626
     325.647    6.93900
     325.677    6.85041
     325.707    6.76067
     325.737    6.67006
     325.767    6.57878
     325.797    6.48698
     325.827    6.39489
     325.857    6.30266
     325.887    6.21044
     325.917    6.11839
     325.937    6.05718
     325.957    5.99609
     325.977    5.93524
     325.997    5.87458
     326.018    5.81418
     326.038    5.75407
     326.058    5.69428
     326.078    5.63482
     326.098    5.57573
     326.118    5.51703
     326.138    5.45869
     326.158    5.40081
     326.178    5.34334
     326.198    5.28633
     326.218    5.22982
     326.238    5.17376
     326.258    5.11820
     326.278    5.06312
     326.298    5.00858
     326.318    4.95458
     326.338    4.90108
     326.358    4.84815
     326.378    4.79574
     326.398    4.74393
     326.418    4.69264
     326.438    4.64191
     326.458    4.59175
     326.478    4.54216
     326.498    4.49312
     326.518    4.44468
     326.538    4.39681
     326.558    4.34950
     326.578    4.30276
     326.598    4.25662
     326.618    4.21103
     326.638    4.16601
     326.658    4.12156
     326.678    4.07765
     326.698    4.03434
     326.718    3.99159
     326.738    3.94937
     326.758    3.90774
     326.778    3.86664
     326.798    3.82608
     326.818    3.78607
     326.838    3.74660
     326.858    3.70767
     326.878    3.66927
     326.898    3.63140
     326.918    3.59402
     326.938    3.55719
     326.958    3.52084
     326.978    3.48502
     326.998    3.44969
     327.018    3.41485
     327.039    3.38050
     327.059    3.34663
     327.079    3.31322
     327.099    3.28031
     327.129    3.23179
     327.159    3.18432
     327.189    3.13783
     327.219    3.09236
     327.249    3.04783
     327.279    3.00428
     327.309    2.96164
     327.339    2.91992
     327.369    2.87910
     327.399    2.83914
     327.429    2.80004
     327.459    2.76178
     327.489    2.72432
     327.519    2.68769
     327.549    2.65183
     327.579    2.61672
     327.609    2.58238
     327.639    2.54875
     327.669    2.51586
     327.699    2.48366
     327.729    2.45213
     327.759    2.42128
     327.789    2.39107
     327.819    2.36150
     327.849    2.33256
     327.879    2.30421
     327.909    2.27646
     327.939    2.24929
     327.969    2.22269
     327.999    2.19663
     328.029    2.17112
     328.060    2.14613
     328.090    2.12165
     328.120    2.09767
     328.150    2.07419
     328.180    2.05118
     328.210    2.02864
     328.240    2.00656
     328.270    1.98491
     328.300    1.96371
     328.330    1.94293
     328.360    1.92257
     328.390    1.90260
     328.420    1.88304
     328.450    1.86386
     328.480    1.84506
     328.510    1.82662
     328.550    1.80261
     328.590    1.77920
     328.630    1.75641
     328.670    1.73419
     328.710    1.71254
     328.750    1.69143
     328.790    1.67086
     328.830    1.65079
     328.870    1.63124
     328.910    1.61216
     328.950    1.59356
     328.990    1.57541
     329.030    1.55770
     329.070    1.54042
     329.111    1.52356
     329.151    1.50710
     329.191    1.49104
     329.231    1.47536
     329.271    1.46004
     329.311    1.44509
     329.351    1.43049
     329.391    1.41622
     329.441    1.39885
     329.491    1.38198
     329.541    1.36558
     329.591    1.34966
     329.641    1.33417
     329.691    1.31912
     329.741    1.30448
     329.791    1.29025
     329.841    1.27641
     329.891    1.26294
     329.941    1.24984
     329.991    1.23708
     330.041    1.22467
     330.102    1.21020
     330.162    1.19619
     330.222    1.18262
     330.282    1.16947
     330.342    1.15672
     330.402    1.14436
     330.462    1.13238
     330.522    1.12076
     330.582    1.10948
     330.652    1.09675
     330.722    1.08445
     330.792    1.07257
     330.862    1.06109
     330.932    1.04999
     331.002    1.03926
     331.072    1.02889
     331.153    1.01745
     331.233    1.00643
     331.313   0.995810
     331.393   0.985580
     331.473   0.975719
     331.563   0.965046
     331.653   0.954798
     331.743   0.944954
     331.833   0.935496
     331.933   0.925416
     332.033   0.915766
     332.133   0.906526
     332.244   0.896807
     332.354   0.887533
     332.464   0.878679
     332.584   0.869472
     332.704   0.860711
     332.834   0.851694
     332.964   0.843143
     333.104   0.834421
     333.255   0.825603
     333.405   0.817295
     333.565   0.808957
     333.735   0.800653
     333.915   0.792436
     334.105   0.784361
     334.306   0.776474
     334.526   0.768467
     334.756   0.760783
     335.006   0.753159
     335.287   0.745440
     335.587   0.738038
     335.927   0.730623
     336.318   0.723251
     336.768   0.716069
     337.319   0.708957
     338.049   0.701907
     339.290   0.694924
     343.525   0.701944
     344.596   0.709038
     345.487   0.716267
     346.267   0.723558
     346.978   0.730962
     347.629   0.738381
     348.239   0.745912
     348.810   0.753456
     349.350   0.761069
     349.871   0.768842
     350.371   0.776741
     350.852   0.784731
     351.312   0.792780
     351.753   0.800852
     352.183   0.809111
     352.593   0.817341
     352.994   0.825721
     353.384   0.834242
     353.765   0.842893
     354.125   0.851421
     354.475   0.860038
     354.816   0.868731
     355.156   0.877757
     355.486   0.886852
     355.807   0.896001
     356.117   0.905188
     356.417   0.914399
     356.717   0.923938
     357.008   0.933487
     357.288   0.943028
     357.568   0.952898
     357.839   0.962743
     358.099   0.972542
     358.359   0.982666
     358.609   0.992724
     358.860    1.00311
     359.100    1.01341
     359.340    1.02404
     359.570    1.03455
     359.800    1.04540
     360.021    1.05611
     360.241    1.06714
     360.451    1.07800
     360.661    1.08920
     360.872    1.10074
     361.072    1.11206
     361.272    1.12373
     361.462    1.13514
     361.652    1.14689
     361.842    1.15900
     362.023    1.17080
     362.203    1.18294
     362.383    1.19544
     362.553    1.20759
     362.723    1.22008
     362.893    1.23293
     363.064    1.24616
     363.224    1.25897
     363.384    1.27215
     363.544    1.28570
     363.694    1.29877
     363.844    1.31219
     363.995    1.32600
     364.145    1.34021
     364.285    1.35384
     364.425    1.36785
     364.565    1.38226
     364.705    1.39708
     364.835    1.41124
     364.966    1.42580
     365.096    1.44077
     365.226    1.45618
     365.356    1.47206
     365.476    1.48715
     365.596    1.50270
     365.716    1.51872
     365.836    1.53525
     365.946    1.55089
     366.057    1.56702
     366.167    1.58368
     366.277    1.60092
     366.377    1.61715
     366.477    1.63394
     366.577    1.65137
     366.677    1.66949
     366.767    1.68646
     366.857    1.70413
     366.947    1.72257
     367.038    1.74190
     367.118    1.75992
     367.198    1.77883
     367.278    1.79877
     367.348    1.81716
     367.418    1.83656
     367.488    1.85711
     367.558    1.87900
     367.618    1.89897
     367.678    1.92023
     367.738    1.94297
     367.788    1.96321
     367.838    1.98480
     367.888    2.00793
     367.938    2.03285
     367.978    2.05427
     368.018    2.07721
     368.059    2.10191
     368.099    2.12867
     368.129    2.15032
     368.159    2.17356
     368.189    2.19864
     368.219    2.22592
     368.249    2.25588
     368.279    2.28911
     368.299    2.31356
     368.319    2.34025
     368.339    2.36966
     368.359    2.40257
     368.379    2.43998
     368.399    2.48349
     368.419    2.53576
     368.429    2.56655
     368.439    2.60169
     368.449    2.64279
     368.459    2.69221
     368.469    2.75469
     368.479    2.84041
     368.489    2.98059
     368.499    4.13869
     368.509    2.98600
     368.519    2.85001
     368.529    2.76860
     368.539    2.71066
     368.549    2.66580
     368.559    2.62935
     368.569    2.59878
     368.579    2.57250
     368.599    2.52940
     368.619    2.49502
     368.639    2.46678
     368.669    2.43251
     368.699    2.40524
     368.739    2.37657
     368.789    2.34954
     368.849    2.32617
     368.949    2.30218
     369.510    2.32577
     369.640    2.35079
     369.750    2.37536
     369.850    2.40002
     369.950    2.42668
     370.040    2.45224
     370.131    2.47918
     370.211    2.50424
     370.291    2.53031
     370.371    2.55736
     370.451    2.58538
     370.531    2.61435
     370.611    2.64426
     370.681    2.67120
     370.751    2.69887
     370.821    2.72728
     370.891    2.75641
     370.961    2.78629
     371.031    2.81693
     371.102    2.84833
     371.172    2.88051
     371.242    2.91349
     371.312    2.94728
     371.382    2.98189
     371.442    3.01223
     371.502    3.04322
     371.562    3.07485
     371.622    3.10714
     371.682    3.14011
     371.742    3.17377
     371.802    3.20814
     371.862    3.24325
     371.922    3.27909
     371.982    3.31569
     372.042    3.35308
     372.102    3.39126
     372.163    3.43027
     372.223    3.47012
     372.283    3.51085
     372.343    3.55245
     372.403    3.59498
     372.463    3.63844
     372.513    3.67538
     372.563    3.71303
     372.613    3.75137
     372.663    3.79042
     372.713    3.83020
     372.763    3.87074
     372.813    3.91205
     372.863    3.95416
     372.913    3.99707
     372.963    4.04080
     373.013    4.08538
     373.063    4.13084
     373.113    4.17719
     373.164    4.22444
     373.214    4.27264
     373.264    4.32180
     373.314    4.37196
     373.364    4.42310
     373.414    4.47531
     373.464    4.52858
     373.514    4.58292
     373.564    4.63840
     373.614    4.69505
     373.664    4.75286
     373.714    4.81189
     373.764    4.87219
     373.814    4.93375
     373.854    4.98395
     373.894    5.03502
     373.934    5.08696
     373.974    5.13982
     374.014    5.19360
     374.054    5.24832
     374.094    5.30400
     374.134    5.36066
     374.174    5.41835
     374.215    5.47704
     374.255    5.53681
     374.295    5.59765
     374.335    5.65963
     374.375    5.72270
     374.415    5.78696
     374.455    5.85239
     374.495    5.91904
     374.535    5.98695
     374.575    6.05610
     374.615    6.12659
     374.655    6.19840
     374.695    6.27157
     374.735    6.34618
     374.775    6.42218
     374.815    6.49969
     374.855    6.57870
     374.895    6.65925
     374.935    6.74142
     374.975    6.82521
     375.015    6.91062
     375.055    6.99777
     375.095    7.08672
     375.135    7.17741
     375.175    7.26999
     375.216    7.36446
     375.256    7.46086
     375.296    7.55925
     375.336    7.65973
     375.376    7.76225
     375.416    7.86697
     375.446    7.94696
     375.476    8.02822
     375.506    8.11082
     375.536    8.19469
     375.566    8.27996
     375.596    8.36655
     375.626    8.45459
     375.656    8.54406
     375.686    8.63500
     375.716    8.72742
     375.746    8.82137
     375.776    8.91693
     375.806    9.01401
     375.836    9.11278
     375.866    9.21313
     375.896    9.31524
     375.926    9.41907
     375.956    9.52466
     375.986    9.63205
     376.016    9.74128
     376.046    9.85245
     376.076    9.96547
     384.414    9.83813
     384.445    9.73103
     384.475    9.62581
     384.505    9.52227
     384.535    9.42047
     384.565    9.32036
     384.595    9.22184
     384.625    9.12501
     384.655    9.02978
     384.685    8.93603
     384.715    8.84381
     384.745    8.75309
     384.775    8.66390
     384.805    8.57608
     384.835    8.48962
     384.865    8.40459
     384.895    8.32091
     384.925    8.23850
     384.965    8.13065
     385.005    8.02506
     385.045    7.92166
     385.085    7.82039
     385.125    7.72115
     385.165    7.62393
     385.205    7.52869
     385.245    7.43537
     385.285    7.34388
     385.325    7.25426
     385.365    7.16638
     385.405    7.08023
     385.445    6.99574
     385.486    6.91294
     385.526    6.83171
     385.566    6.75206
     385.606    6.67393
     385.646    6.59731
     385.686    6.52210
     385.726    6.44833
     385.766    6.37594
     385.806    6.30491
     385.846    6.23521
     385.886    6.16676
     385.926    6.09962
     385.966    6.03367
     386.006    5.96890
     386.046    5.90534
     386.086    5.84290
     386.126    5.78161
     386.166    5.72140
     386.206    5.66222
     386.246    5.60413
     386.286    5.54703
     386.326    5.49096
     386.366    5.43585
     386.406    5.38167
     386.456    5.31529
     386.507    5.25032
     386.557    5.18672
     386.607    5.12446
     386.657    5.06351
     386.707    5.00383
     386.757    4.94540
     386.807    4.88816
     386.857    4.83209
     386.907    4.77715
     386.957    4.72333
     387.007    4.67061
     387.057    4.61894
     387.107    4.56829
     387.157    4.51864
     387.207    4.46998
     387.257    4.42226
     387.307    4.37548
     387.357    4.32960
     387.407    4.28460
     387.457    4.24047
     387.508    4.19718
     387.558    4.15470
     387.608    4.11303
     387.658    4.07215
     387.718    4.02408
     387.778    3.97710
     387.838    3.93114
     387.898    3.88621
     387.958    3.84224
     388.018    3.79924
     388.078    3.75717
     388.138    3.71600
     388.198    3.67572
     388.258    3.63630
     388.318    3.59770
     388.378    3.55992
     388.438    3.52294
     388.498    3.48674
     388.559    3.45128
     388.619    3.41657
     388.679    3.38257
     388.749    3.34379
     388.819    3.30594
     388.889    3.26898
     388.959    3.23291
     389.029    3.19768
     389.099    3.16330
     389.169    3.12971
     389.239    3.09691
     389.309    3.06487
     389.379    3.03357
     389.449    3.00298
     389.519    2.97309
     389.600    2.93973
     389.680    2.90721
     389.760    2.87547
     389.840    2.84447
     389.920    2.81415
     390.000    2.78447
     390.080    2.75536
     390.160    2.72674
     390.240    2.69848
     390.320    2.67072
     390.400    2.64347
     390.480    2.61675
     390.560    2.59057
     390.651    2.56177
     390.741    2.53366
     390.831    2.50625
     390.921    2.47953
     391.011    2.45347
     391.101    2.42809
     391.191    2.40334
     391.281    2.37923
     391.381    2.35315
     391.481    2.32779
     391.581    2.30313
     391.682    2.27915
     391.782    2.25582
     391.882    2.23311
     391.992    2.20883
     392.102    2.18525
     392.212    2.16235
     392.322    2.14009
     392.432    2.11846
     392.542    2.09743
     392.663    2.07514
     392.783    2.05352
     392.903    2.03254
     393.023    2.01217
     393.153    1.99076
     393.283    1.97002
     393.413    1.94992
     393.543    1.93043
     393.684    1.91010
     393.824    1.89043
     393.964    1.87139
     394.114    1.85166
     394.264    1.83259
     394.414    1.81417
     394.574    1.79518
     394.735    1.77687
     394.895    1.75920
     395.065    1.74108
     395.235    1.72364
     395.415    1.70585
     395.595    1.68874
     395.786    1.67138
     395.976    1.65471
     396.176    1.63786
     396.386    1.62092
     396.596    1.60471
     396.817    1.58846
     397.047    1.57225
     397.287    1.55613
     397.537    1.54015
     397.798    1.52437
     398.068    1.50884
     398.348    1.49360
     398.638    1.47870
     398.949    1.46370
     399.269    1.44916
     399.609    1.43471
     399.970    1.42044
     400.360    1.40611
     400.780    1.39190
     401.231    1.37797
     401.721    1.36422
     402.262    1.35063
     402.872    1.33710
     403.573    1.32371
     404.404    1.31053
     405.455    1.29755
     407.057    1.28465
     413.483    1.29763
     414.714    1.31078
     415.695    1.32406
     416.526    1.33757
     417.237    1.35113
     417.857    1.36482
     418.408    1.37878
     418.888    1.39271
     419.319    1.40697
     419.699    1.42134
     420.039    1.43600
     420.340    1.45072
     420.610    1.46576
     420.850    1.48092
     421.060    1.49589
     421.250    1.51110
     421.431    1.52728
     421.591    1.54341
     421.731    1.55913
     421.861    1.57530
     421.981    1.59181
     422.091    1.60848
     422.191    1.62512
     422.291    1.64337
     422.382    1.66138
     422.462    1.67881
     422.542    1.69776
     422.612    1.71573
     422.682    1.73516
     422.742    1.75310
     422.802    1.77237
     422.862    1.79308
     422.912    1.81157
     422.962    1.83128
     423.012    1.85232
     423.062    1.87482
     423.102    1.89395
     423.142    1.91419
     423.182    1.93560
     423.222    1.95829
     423.262    1.98236
     423.302    2.00793
     423.342    2.03511
     423.372    2.05663
     423.403    2.07921
     423.433    2.10290
     423.463    2.12778
     423.493    2.15393
     423.523    2.18143
     423.553    2.21034
     423.583    2.24083
     423.613    2.27295
     423.643    2.30683
     423.663    2.33046
     423.683    2.35495
     423.703    2.38039
     423.723    2.40678
     423.743    2.43419
     423.763    2.46266
     423.783    2.49221
     423.803    2.52295
     423.823    2.55492
     423.843    2.58822
     423.863    2.62283
     423.883    2.65888
     423.903    2.69642
     423.923    2.73555
     423.943    2.77639
     423.963    2.81894
     423.983    2.86335
     424.003    2.90977
     424.023    2.95821
     424.043    3.00890
     424.063    3.06191
     424.083    3.11733
     424.103    3.17542
     424.123    3.23629
     424.143    3.30012
     424.163    3.36709
     424.173    3.40179
     424.183    3.43742
     424.193    3.47388
     424.203    3.51133
     424.213    3.54968
     424.223    3.58909
     424.233    3.62946
     424.243    3.67096
     424.253    3.71350
     424.263    3.75726
     424.273    3.80213
     424.283    3.84833
     424.293    3.89581
     424.303    3.94454
     424.313    3.99476
     424.323    4.04643
     424.333    4.09952
     424.343    4.15429
     424.353    4.21072
     424.363    4.26878
     424.373    4.32875
     424.383    4.39063
     424.393    4.45450
     424.404    4.52036
     424.414    4.58854
     424.424    4.65906
     424.434    4.73203
     424.444    4.80762
     424.454    4.88581
     424.464    4.96708
     424.474    5.05148
     424.484    5.13919
     424.494    5.23047
     424.504    5.32556
     424.514    5.42475
     424.524    5.52817
     424.534    5.63655
     424.544    5.75011
     424.554    5.86933
     424.564    5.99474
     424.574    6.12695
     424.584    6.26667
     424.594    6.41475
     424.604    6.57215
     424.614    6.74006
     424.624    6.91989
     424.634    7.11336
     424.644    7.32261
     424.654    7.55075
     424.664    7.80038
     424.674    8.07640
     424.684    8.38487
     424.694    8.73421
     424.704    9.13668
     424.714    9.61103
     424.824    9.13572
     424.834    8.73481
     424.844    8.38624
     424.854    8.07907
     424.864    7.80424
     424.874    7.55530
     424.884    7.32866
     424.894    7.12043
     424.904    6.92760
     424.914    6.74875
     424.924    6.58150
     424.934    6.42504
     424.944    6.27790
     424.954    6.13883
     424.964    6.00753
     424.974    5.88279
     424.984    5.76446
     424.994    5.65157
     425.004    5.54407
     425.014    5.44115
     425.024    5.34265
     425.034    5.24843
     425.044    5.15785
     425.054    5.07099
     425.064    4.98730
     425.074    4.90673
     425.084    4.82924
     425.094    4.75437
     425.104    4.68223
     425.114    4.61242
     425.124    4.54495
     425.134    4.47969
     425.144    4.41665
     425.154    4.35549
     425.164    4.29623
     425.174    4.23889
     425.184    4.18318
     425.194    4.12912
     425.204    4.07665
     425.214    4.02570
     425.224    3.97629
     425.234    3.92819
     425.244    3.88143
     425.254    3.83595
     425.264    3.79172
     425.274    3.74868
     425.284    3.70678
     425.294    3.66607
     425.304    3.62635
     425.314    3.58766
     425.324    3.54997
     425.334    3.51323
     425.344    3.47742
     425.354    3.44251
     425.374    3.37526
     425.394    3.31127
     425.414    3.25032
     425.435    3.19224
     425.455    3.13681
     425.475    3.08396
     425.495    3.03351
     425.515    2.98527
     425.535    2.93922
     425.555    2.89518
     425.575    2.85301
     425.595    2.81268
     425.615    2.77404
     425.635    2.73702
     425.655    2.70158
     425.675    2.66757
     425.695    2.63495
     425.715    2.60366
     425.735    2.57363
     425.755    2.54479
     425.775    2.51710
     425.795    2.49049
     425.815    2.46492
     425.835    2.44033
     425.865    2.40519
     425.895    2.37203
     425.925    2.34072
     425.955    2.31113
     425.985    2.28312
     426.015    2.25665
     426.045    2.23157
     426.075    2.20783
     426.105    2.18531
     426.145    2.15709
     426.185    2.13077
     426.225    2.10621
     426.265    2.08325
     426.305    2.06180
     426.355    2.03691
     426.405    2.01398
     426.456    1.99284
     426.516    1.96960
     426.576    1.94846
     426.646    1.92618
     426.716    1.90618
     426.796    1.88579
     426.886    1.86561
     426.986    1.84617
     427.096    1.82788
     427.236    1.80858
     427.406    1.79005
     427.637    1.77175
     428.017    1.75404
     429.729    1.77197
     430.159    1.79026
     430.519    1.80846
     430.850    1.82730
     431.150    1.84617
     431.430    1.86528
     431.691    1.88432
     431.941    1.90385
     432.181    1.92377
     432.411    1.94399
     432.632    1.96442
     432.842    1.98497
     433.042    2.00556
     433.232    2.02611
     433.422    2.04767
     433.602    2.06913
     433.773    2.09037
     433.943    2.11265
     434.103    2.13464
     434.253    2.15625
     434.403    2.17890
     434.543    2.20107
     434.684    2.22434
     434.814    2.24703
     434.944    2.27087
     435.064    2.29402
     435.184    2.31840
     435.294    2.34194
     435.404    2.36675
     435.514    2.39301
     435.614    2.41829
     435.715    2.44507
     435.805    2.47063
     435.895    2.49772
     435.975    2.52326
     436.055    2.55031
     436.135    2.57906
     436.205    2.60574
     436.275    2.63401
     436.345    2.66399
     436.405    2.69118
     436.465    2.71984
     436.525    2.75005
     436.585    2.78191
     436.645    2.81549
     436.695    2.84478
     436.746    2.87529
     436.796    2.90697
     436.846    2.93975
     436.896    2.97354
     436.946    3.00814
     436.996    3.04331
     437.046    3.07875
     437.096    3.11404
     437.146    3.14863
     437.196    3.18191
     437.256    3.21897
     437.326    3.25633
     437.456    3.29000
     437.847    3.32403
     438.027    3.35913
     438.147    3.39578
     438.237    3.43053
     438.317    3.46654
     438.387    3.50187
     438.457    3.54056
     438.527    3.58235
     438.587    3.62039
     438.647    3.66016
     438.707    3.70131
     438.768    3.74341
     438.828    3.78590
     438.888    3.82813
     438.948    3.86930
     439.008    3.90845
     439.078    3.95003
     439.158    3.99073
     439.678    4.03114
     439.999    4.07340
     440.159    4.11595
     440.279    4.15791
     440.389    4.20390
     440.479    4.24683
     440.569    4.29448
     440.649    4.34083
     440.729    4.39090
     440.799    4.43782
     440.870    4.48765
     440.940    4.54047
     441.000    4.58817
     441.060    4.63816
     441.120    4.69052
     441.180    4.74530
     441.240    4.80261
     441.290    4.85237
     441.340    4.90401
     441.390    4.95761
     441.440    5.01324
     441.490    5.07099
     441.540    5.13095
     441.590    5.19323
     441.640    5.25794
     441.680    5.31154
     441.720    5.36681
     441.760    5.42387
     441.800    5.48276
     441.841    5.54359
     441.881    5.60638
     441.921    5.67127
     441.961    5.73832
     442.001    5.80761
     442.041    5.87925
     442.081    5.95335
     442.121    6.02997
     442.161    6.10919
     442.201    6.19110
     442.231    6.25436
     442.261    6.31916
     442.291    6.38560
     442.321    6.45369
     442.351    6.52338
     442.381    6.59469
     442.411    6.66767
     442.441    6.74220
     442.471    6.81834
     442.501    6.89600
     442.531    6.97510
     442.561    7.05556
     442.591    7.13727
     442.621    7.22008
     442.651    7.30384
     442.681    7.38838
     442.711    7.47344
     442.741    7.55868
     442.771    7.64392
     442.801    7.72873
     442.831    7.81273
     442.862    7.89548
     442.892    7.97651
     442.932    8.08081
     442.972    8.17954
     443.012    8.27484
     443.062    8.35948
     443.122    8.44839
     443.192    8.53910
     443.272    8.63486
     443.352    8.73062
     443.422    8.81969
     443.492    8.91710
     443.552    9.00908
     443.612    9.11001
     443.672    9.22063
     443.722    9.32069
     443.772    9.42804
     443.822    9.54296
     443.862    9.64041
     443.903    9.74282
     443.943    9.85022
     443.983    9.96267
     451.980    9.85560
     452.010    9.74857
     452.040    9.64365
     452.070    9.54069
     452.101    9.43969
     452.131    9.34065
     452.161    9.24343
     452.191    9.14804
     452.221    9.05436
     452.251    8.96248
     452.281    8.87230
     452.311    8.78373
     452.351    8.66818
     452.391    8.55542
     452.431    8.44532
     452.471    8.33784
     452.511    8.23291
     452.551    8.13046
     452.591    8.03039
     452.631    7.93261
     452.671    7.83709
     452.711    7.74376
     452.751    7.65257
     452.791    7.56339
     452.831    7.47627
     452.871    7.39106
     452.911    7.30774
     452.951    7.22624
     452.991    7.14655
     453.031    7.06858
     453.071    6.99230
     453.112    6.91767
     453.152    6.84463
     453.192    6.77316
     453.232    6.70317
     453.272    6.63466
     453.312    6.56758
     453.352    6.50188
     453.402    6.42169
     453.452    6.34352
     453.502    6.26735
     453.552    6.19311
     453.602    6.12071
     453.652    6.05011
     453.702    5.98126
     453.752    5.91409
     453.802    5.84856
     453.852    5.78463
     453.902    5.72221
     453.952    5.66129
     454.002    5.60182
     454.052    5.54375
     454.102    5.48703
     454.153    5.43165
     454.203    5.37753
     454.263    5.31424
     454.323    5.25268
     454.383    5.19278
     454.443    5.13450
     454.503    5.07778
     454.563    5.02256
     454.623    4.96879
     454.683    4.91644
     454.743    4.86545
     454.803    4.81577
     454.863    4.76738
     454.933    4.71246
     455.003    4.65917
     455.073    4.60743
     455.143    4.55721
     455.214    4.50842
     455.284    4.46103
     455.354    4.41500
     455.424    4.37025
     455.494    4.32676
     455.574    4.27854
     455.654    4.23185
     455.734    4.18661
     455.814    4.14279
     455.894    4.10030
     455.974    4.05913
     456.064    4.01431
     456.154    3.97101
     456.245    3.92916
     456.335    3.88873
     456.425    3.84963
     456.525    3.80769
     456.625    3.76730
     456.725    3.72835
     456.825    3.69081
     456.935    3.65106
     457.045    3.61286
     457.155    3.57613
     457.276    3.53768
     457.396    3.50083
     457.516    3.46550
     457.646    3.42888
     457.776    3.39387
     457.916    3.35790
     458.056    3.32363
     458.206    3.28871
     458.357    3.25554
     458.517    3.22199
     458.687    3.18830
     458.857    3.15651
     459.037    3.12482
     459.227    3.09343
     459.428    3.06254
     459.648    3.03095
     459.878    3.00045
     460.128    2.97001
     460.399    2.94012
     460.699    2.91027
     461.029    2.88124
     461.410    2.85239
     461.860    2.82406
     462.451    2.79577
     463.522    2.76804
     465.474    2.79605
     465.994    2.82435
     466.384    2.85347
     466.695    2.88254
     466.955    2.91179
     467.185    2.94207
     467.385    2.97237
     467.566    3.00332
     467.726    3.03422
     467.876    3.06652
     468.006    3.09751
     468.126    3.12889
     468.246    3.16329
     468.356    3.19781
     468.456    3.23197
     468.547    3.26523
     468.637    3.30113
     468.717    3.33549
     468.797    3.37238
     468.867    3.40693
     468.937    3.44377
     469.007    3.48313
     469.067    3.51903
     469.127    3.55707
     469.187    3.59744
     469.247    3.64029
     469.297    3.67802
     469.347    3.71774
     469.397    3.75954
     469.447    3.80356
     469.497    3.84994
     469.548    3.89878
     469.588    3.93976
     469.628    3.98249
     469.668    4.02705
     469.708    4.07351
     469.748    4.12194
     469.788    4.17244
     469.828    4.22505
     469.868    4.27984
     469.908    4.33687
     469.938    4.38113
     469.968    4.42670
     469.998    4.47361
     470.028    4.52182
     470.058    4.57138
     470.088    4.62226
     470.118    4.67446
     470.148    4.72794
     470.178    4.78269
     470.208    4.83869
     470.238    4.89583
     470.268    4.95407
     470.298    5.01336
     470.328    5.07358
     470.358    5.13461
     470.388    5.19630
     470.418    5.25850
     470.448    5.32103
     470.478    5.38368
     470.508    5.44624
     470.539    5.50841
     470.569    5.56986
     470.599    5.63032
     470.629    5.68939
     470.669    5.76525
     470.709    5.83679
     470.749    5.90278
     470.799    5.97519
     470.859    6.04392
     470.889    6.10872
     470.989    6.04561
     471.079    5.97915
     471.139    5.91950
     471.199    5.85246
     471.249    5.79342
     471.299    5.73323
     471.349    5.67324
     471.399    5.61460
     471.449    5.55822
     471.509    5.49455
     471.570    5.43620
     471.640    5.37579
     471.720    5.31784
     471.820    5.26301
     472.360    5.31930
     472.440    5.37884
     472.510    5.44219
     472.570    5.50511
     472.621    5.56374
     472.671    5.62822
     472.721    5.69872
     472.761    5.75954
     472.801    5.82445
     472.841    5.89359
     472.881    5.96702
     472.921    6.04495
     472.951    6.10639
     472.981    6.17051
     473.011    6.23737
     473.041    6.30708
     473.071    6.37962
     473.101    6.45512
     473.131    6.53369
     473.161    6.61540
     473.191    6.70026
     473.221    6.78847
     473.251    6.88005
     473.281    6.97512
     473.311    7.07382
     473.341    7.17612
     473.371    7.28218
     473.401    7.39216
     473.421    7.46765
     473.441    7.54492
     473.461    7.62400
     473.481    7.70499
     473.501    7.78777
     473.521    7.87244
     473.541    7.95910
     473.561    8.04762
     473.581    8.13819
     473.602    8.23066
     473.622    8.32521
     473.642    8.42179
     473.662    8.52040
     473.682    8.62099
     473.702    8.72372
     473.722    8.82853
     473.742    8.93542
     473.762    9.04440
     473.782    9.15547
     473.802    9.26861
     473.822    9.38382
     473.842    9.50109
     473.862    9.62050
     473.882    9.74183
     473.902    9.86514
     473.922    9.99051
     475.463    9.88170
     475.483    9.75493
     475.503    9.63018
     475.523    9.50729
     475.543    9.38649
     475.563    9.26761
     475.583    9.15075
     475.603    9.03601
     475.623    8.92322
     475.643    8.81247
     475.664    8.70376
     475.684    8.59708
     475.704    8.49242
     475.724    8.38977
     475.744    8.28911
     475.764    8.19044
     475.784    8.09372
     475.804    7.99894
     475.824    7.90599
     475.844    7.81501
     475.864    7.72590
     475.884    7.63855
     475.904    7.55309
     475.924    7.46934
     475.944    7.38741
     475.964    7.30714
     475.984    7.22856
     476.004    7.15172
     476.024    7.07645
     476.044    7.00278
     476.064    6.93069
     476.084    6.86014
     476.104    6.79110
     476.124    6.72355
     476.154    6.62493
     476.184    6.52947
     476.214    6.43704
     476.244    6.34762
     476.274    6.26102
     476.304    6.17725
     476.334    6.09611
     476.364    6.01757
     476.394    5.94154
     476.424    5.86789
     476.454    5.79661
     476.484    5.72760
     476.514    5.66073
     476.544    5.59600
     476.574    5.53326
     476.604    5.47249
     476.634    5.41361
     476.664    5.35656
     476.695    5.30124
     476.725    5.24765
     476.765    5.17873
     476.805    5.11257
     476.845    5.04910
     476.885    4.98813
     476.925    4.92956
     476.965    4.87331
     477.005    4.81928
     477.045    4.76732
     477.085    4.71737
     477.125    4.66934
     477.175    4.61186
     477.225    4.55709
     477.275    4.50487
     477.325    4.45506
     477.375    4.40753
     477.425    4.36216
     477.475    4.31885
     477.535    4.26943
     477.595    4.22262
     477.655    4.17828
     477.716    4.13624
     477.786    4.08993
     477.856    4.04637
     477.926    4.00538
     478.006    3.96145
     478.086    3.92041
     478.176    3.87744
     478.266    3.83757
     478.366    3.79662
     478.466    3.75889
     478.576    3.72080
     478.696    3.68293
     478.827    3.64583
     478.977    3.60758
     479.137    3.57155
     479.327    3.53440
     479.547    3.49802
     479.808    3.46288
     480.138    3.42855
     480.638    3.39413
     483.161    3.42893
     483.591    3.46425
     483.932    3.49984
     484.212    3.53538
     484.452    3.57135
     484.662    3.60796
     484.852    3.64612
     485.023    3.68522
     485.173    3.72442
     485.303    3.76269
     485.423    3.80222
     485.533    3.84265
     485.633    3.88348
     485.723    3.92410
     485.803    3.96378
     485.883    4.00732
     485.954    4.04903
     486.024    4.09459
     486.084    4.13713
     486.144    4.18331
     486.204    4.23358
     486.254    4.27901
     486.304    4.32803
     486.354    4.38106
     486.394    4.42670
     486.434    4.47551
     486.474    4.52780
     486.514    4.58393
     486.554    4.64433
     486.584    4.69276
     486.614    4.74406
     486.644    4.79855
     486.674    4.85647
     486.704    4.91823
     486.734    4.98418
     486.764    5.05476
     486.794    5.13052
     486.814    5.18418
     486.834    5.24068
     486.854    5.30016
     486.874    5.36301
     486.894    5.42946
     486.914    5.49998
     486.935    5.57498
     486.955    5.65498
     486.975    5.74058
     486.995    5.83268
     487.015    5.93220
     487.035    6.04039
     487.055    6.15883
     487.065    6.22253
     487.075    6.28964
     487.085    6.36065
     487.095    6.43581
     487.105    6.51576
     487.115    6.60117
     487.125    6.69285
     487.135    6.79180
     487.145    6.89932
     487.155    7.01706
     487.165    7.14744
     487.175    7.29305
     487.185    7.45836
     487.195    7.64972
     487.205    7.87717
     487.215    8.15856
     487.225    8.52722
     487.235    9.06804
     487.275    8.57731
     487.285    8.21754
     487.295    7.94789
     487.305    7.73255
     487.315    7.55352
     487.325    7.40112
     487.335    7.26861
     487.345    7.15147
     487.355    7.04705
     487.365    6.95276
     487.375    6.86726
     487.385    6.78894
     487.395    6.71705
     487.405    6.65055
     487.425    6.53155
     487.445    6.42788
     487.465    6.33663
     487.485    6.25566
     487.505    6.18340
     487.525    6.11857
     487.555    6.03315
     487.585    5.95974
     487.615    5.89638
     487.655    5.82511
     487.695    5.76648
     487.745    5.70787
     487.815    5.64801
     487.935    5.59005
     488.576    5.52905
     488.666    5.46809
     488.746    5.40589
     488.816    5.34716
     488.886    5.28585
     488.946    5.23207
     489.007    5.17783
     489.067    5.12363
     489.127    5.06989
     489.187    5.01698
     489.247    4.96522
     489.307    4.91482
     489.367    4.86597
     489.437    4.81116
     489.507    4.75880
     489.577    4.70902
     489.647    4.66184
     489.727    4.61112
     489.807    4.56378
     489.897    4.51442
     489.987    4.46905
     490.088    4.42306
     490.198    4.37750
     490.318    4.33336
     490.458    4.28849
     490.618    4.24499
     490.808    4.20265
     491.059    4.15984
     491.419    4.11849
     494.152    4.16049
     494.702    4.20270
     495.203    4.24589
     495.663    4.28903
     496.103    4.33300
     496.524    4.37721
     496.934    4.42232
     497.335    4.46810
     497.725    4.51435
     498.105    4.56090
     498.476    4.60763
     498.836    4.65440
     499.196    4.70247
     499.547    4.75047
     499.897    4.79975
     500.237    4.84889
     500.578    4.89937
     500.908    4.94976
     501.228    5.00010
     501.549    5.05217
     501.859    5.10470
     502.149    5.15634
     502.430    5.20953
     502.690    5.26321
     502.930    5.31796
     503.150    5.37317
     503.361    5.42810
     503.611    5.48350
     504.041    5.54004
     504.432    5.59708
     504.842    5.65395
     505.222    5.71245
     505.563    5.77167
     505.883    5.83165
     506.183    5.89059
     506.484    5.95160
     506.774    6.01227
     507.064    6.07444
     507.344    6.13581
     507.625    6.19846
     507.905    6.26236
     508.185    6.32751
     508.456    6.39153
     508.726    6.45672
     508.996    6.52310
     509.266    6.59067
     509.537    6.65948
     509.797    6.72691
     510.057    6.79552
     510.317    6.86533
     510.578    6.93635
     510.838    7.00863
     511.098    7.08217
     511.348    7.15411
     511.599    7.22728
     511.849    7.30170
     512.099    7.37740
     512.349    7.45440
     512.600    7.53275
     512.840    7.60923
     513.080    7.68700
     513.320    7.76609
     513.560    7.84651
     513.801    7.92830
     514.041    8.01148
     514.271    8.09255
     514.501    8.17495
     514.732    8.25873
     514.962    8.34392
     515.192    8.43052
     515.422    8.51860
     515.653    8.60816
     515.873    8.69527
     516.093    8.78379
     516.313    8.87378
     516.533    8.96527
     516.754    9.05826
     516.974    9.15283
     517.194    9.24897
     517.414    9.34675
     517.624    9.44163
     517.835    9.53806
     518.045    9.63607
     518.255    9.73570
     518.465    9.83698
     518.675    9.93994
     599.604    9.84107
     599.885    9.74192
     600.165    9.64499
     600.455    9.54688
     600.746    9.45108
     601.046    9.35434
     601.346    9.25998
     601.646    9.16795
     601.957    9.07526
     602.267    8.98500
     602.587    8.89432
     602.908    8.80617
     603.238    8.71786
     603.578    8.62963
     603.919    8.54417
     604.269    8.45908
     604.629    8.37461
     605.000    8.29102
     605.380    8.20860
     605.780    8.12564
     606.191    8.04471
     606.621    7.96440
     607.072    7.88551
     607.552    7.80742
     608.083    7.72887
     608.673    7.65159
     609.374    7.57528
     610.375    7.50015
     612.887    7.57720
     613.338    7.65496
     613.678    7.73373
     613.958    7.81400
     614.199    7.89565
     614.409    7.97818
     614.599    8.06291
     614.769    8.14775
     614.919    8.23046
     615.060    8.31493
     615.190    8.40025
     615.310    8.48539
     615.430    8.57719
     615.540    8.66764
     615.640    8.75550
     615.740    8.84917
     615.830    8.93873
     615.920    9.03366
     616.010    9.13428
     616.091    9.22888
     616.171    9.32855
     616.251    9.43369
     616.321    9.53043
     616.391    9.63183
     616.461    9.73818
     616.531    9.84977
     616.591    9.94980
     624.479    9.82881
     624.529    9.71173
     624.579    9.59835
     624.629    9.48863
     624.679    9.38230
     624.729    9.27928
     624.779    9.17944
     624.829    9.08258
     624.879    8.98870
     624.929    8.89759
     624.979    8.80921
     625.039    8.70648
     625.099    8.60735
     625.159    8.51158
     625.219    8.41904
     625.279    8.32955
     625.340    8.24306
     625.400    8.15935
     625.460    8.07833
     625.530    7.98706
     625.600    7.89913
     625.670    7.81434
     625.740    7.73257
     625.810    7.65366
     625.880    7.57750
     625.960    7.49360
     626.040    7.41290
     626.120    7.33528
     626.200    7.26052
     626.280    7.18849
     626.371    7.11057
     626.461    7.03573
     626.551    6.96384
     626.641    6.89473
     626.741    6.82098
     626.841    6.75027
     626.941    6.68243
     627.051    6.61093
     627.161    6.54249
     627.271    6.47693
     627.392    6.40848
     627.512    6.34305
     627.642    6.27533
     627.772    6.21072
     627.902    6.14897
     628.042    6.08549
     628.182    6.02491
     628.332    5.96301
     628.493    5.90018
     628.653    5.84038
     628.823    5.77995
     628.993    5.72247
     629.173    5.66458
     629.363    5.60653
     629.564    5.54857
     629.764    5.49357
     629.974    5.43874
     630.194    5.38427
     630.424    5.33028
     630.665    5.27691
     630.915    5.22426
     631.175    5.17242
     631.456    5.11962
     631.746    5.06794
     632.046    5.01742
     632.366    4.96651
     632.697    4.91694
     633.047    4.86731
     633.407    4.81912
     633.788    4.77110
     634.188    4.72341
     634.609    4.67618
     635.049    4.62953
     635.509    4.58355
     636.000    4.53740
     636.510    4.49218
     637.051    4.44709
     637.622    4.40234
     638.222    4.35808
     638.853    4.31443
     639.513    4.27154
     640.214    4.22891
     640.955    4.18677
     641.746    4.14480
     642.586    4.10332
     643.477    4.06262
     644.438    4.02218
     645.479    3.98216
     646.620    3.94257
     647.902    3.90330
     649.393    3.86459
     651.395    3.82622
     655.629    3.86525
     656.160    3.90441
     656.550    3.94457
     656.870    3.98572
     657.151    4.02746
     657.411    4.06950
     657.671    4.11167
     657.971    4.15369
     658.932    4.11209
     659.163    4.07133
     659.393    4.02929
     659.623    3.98867
     659.873    3.94791
     660.143    3.90882
     660.464    3.86928
     660.854    3.83011
     661.355    3.79172
     662.055    3.75409
     663.227    3.71683
     674.387    3.75453
     676.339    3.79256
     677.991    3.83109
     679.442    3.86996
     680.754    3.90927
     681.955    3.94894
     683.066    3.98891
     684.107    4.02933
     685.088    4.07018
     686.019    4.11154
     686.900    4.15310
     687.740    4.19508
     688.551    4.23778
     689.332    4.28105
     690.083    4.32473
     690.803    4.36867
     691.504    4.41334
     692.175    4.45798
     692.825    4.50311
     693.456    4.54865
     694.077    4.59525
     694.677    4.64211
     695.258    4.68911
     695.828    4.73699
     696.379    4.78485
     696.919    4.83349
     697.450    4.88286
     697.970    4.93294
     698.481    4.98370
     698.971    5.03404
     699.452    5.08492
     699.922    5.13628
     700.393    5.18923
     700.853    5.24264
     701.304    5.29646
     701.744    5.35065
     702.174    5.40515
     702.595    5.45990
     703.015    5.51621
     703.426    5.57273
     703.826    5.62940
     704.227    5.68764
     704.617    5.74597
     704.997    5.80433
     705.378    5.86425
     705.748    5.92414
     706.118    5.98562
     706.479    6.04700
     706.829    6.10821
     707.179    6.17099
     707.520    6.23353
     707.860    6.29765
     708.190    6.36146
     708.521    6.42688
     708.841    6.49191
     709.161    6.55859
     709.482    6.62696
     709.792    6.69490
     710.102    6.76460
     710.403    6.83382
     710.703    6.90488
     710.993    6.97544
     711.283    7.04799
     711.564    7.12008
     711.844    7.19439
     712.114    7.26842
     712.374    7.34224
     712.635    7.41897
     712.885    7.49609
     713.125    7.57398
     713.355    7.65317
     713.566    7.73064
     713.766    7.81062
     713.946    7.88967
     714.116    7.97287
     714.266    8.05580
     714.396    8.13762
     714.517    8.22422
     714.627    8.31619
     714.717    8.40325
     714.797    8.49232
     714.867    8.58174
     714.927    8.66925
     714.987    8.76948
     715.037    8.86538
     715.087    8.97593
     715.127    9.07801
     715.167    9.19634
     715.197    9.29912
     715.227    9.41832
     715.257    9.56004
     715.277    9.67227
     715.297    9.80446
     715.317    9.96599
     715.497    9.83234
     715.518    9.72035
     715.548    9.58504
     715.578    9.47658
     715.618    9.36059
     715.658    9.26751
     715.708    9.17414
     715.778    9.07379
     715.868    8.98091
     716.008    8.88943
     717.239    8.97990
     717.519    9.07139
     717.780    9.16444
     718.030    9.25965
     718.270    9.35548
     718.500    9.45089
     718.731    9.54951
     718.951    9.64666
     719.171    9.74647
     719.391    9.84888
     719.602    9.94901
     786.126    9.84974
     786.357    9.74832
     786.587    9.64893
     786.817    9.55152
     787.047    9.45603
     787.288    9.35838
     787.528    9.26273
     787.768    9.16900
     788.008    9.07716
     788.248    8.98714
     788.499    8.89527
     788.749    8.80528
     788.999    8.71712
     789.249    8.63075
     789.510    8.54275
     789.770    8.45658
     790.030    8.37217
     790.300    8.28635
     790.571    8.20233
     790.841    8.12007
     791.111    8.03952
     791.392    7.95776
     791.672    7.87772
     791.952    7.79937
     792.242    7.71996
     792.533    7.64226
     792.823    7.56623
     793.123    7.48927
     793.424    7.41399
     793.724    7.34035
     794.034    7.26592
     794.344    7.19313
     794.665    7.11967
     794.985    7.04787
     795.305    6.97767
     795.636    6.90691
     795.966    6.83775
     796.306    6.76813
     796.647    6.70010
     796.987    6.63366
     797.337    6.56682
     797.688    6.50153
     798.048    6.43596
     798.408    6.37193
     798.779    6.30768
     799.149    6.24497
     799.529    6.18211
     799.910    6.12077
     800.300    6.05934
     800.701    5.99790
     801.101    5.93799
     801.511    5.87811
     801.922    5.81974
     802.342    5.76146
     802.773    5.70332
     803.203    5.64668
     803.643    5.59023
     804.094    5.53401
     804.554    5.47808
     805.015    5.42364
     805.485    5.36952
     805.966    5.31575
     806.456    5.26238
     806.957    5.20945
     807.467    5.15699
     807.988    5.10503
     808.518    5.05362
     809.059    5.00277
     809.609    4.95253
     810.170    4.90291
     810.740    4.85394
     811.321    4.80564
     811.912    4.75803
     812.522    4.71037
     813.143    4.66349
     813.783    4.61669
     814.434    4.57074
     815.105    4.52500
     815.785    4.48017
     816.486    4.43566
     817.207    4.39153
     817.947    4.34786
     818.708    4.30471
     819.499    4.26162
     820.310    4.21925
     821.151    4.17718
     822.021    4.13553
     822.922    4.09449
     823.863    4.05380
     824.854    4.01337
     825.905    3.97332
     827.036    3.93385
     828.318    3.89487
     830.460    3.85629
     831.871    3.89563
     832.231    3.93552
     832.462    3.97635
     832.632    4.01844
     832.762    4.06018
     832.872    4.10407
     832.962    4.14733
     833.042    4.19264
     833.112    4.23868
     833.172    4.28374
     833.232    4.33488
     833.282    4.38281
     833.332    4.43636
     833.372    4.48377
     833.413    4.53570
     833.453    4.59282
     833.483    4.63941
     833.513    4.68956
     833.543    4.74363
     833.573    4.80201
     833.603    4.86515
     833.633    4.93359
     833.663    5.00793
     833.683    5.06112
     833.703    5.11749
     833.723    5.17733
     833.743    5.24093
     833.763    5.30880
     833.783    5.38109
     833.803    5.45841
     833.823    5.54131
     833.843    5.63047
     833.863    5.72668
     833.883    5.83113
     833.903    5.94462
     833.913    6.00528
     833.923    6.06884
     833.933    6.13556
     833.943    6.20573
     833.953    6.27968
     833.963    6.35810
     833.973    6.44086
     833.983    6.52878
     833.993    6.62248
     834.003    6.72273
     834.013    6.83044
     834.023    6.94675
     834.033    7.07356
     834.043    7.21174
     834.053    7.36406
     834.063    7.53365
     834.073    7.72477
     834.083    7.94354
     834.093    8.19910
     834.103    8.50741
     834.113    8.89203
     834.123    9.40619
     834.163    9.94547
     834.173    9.25677
     834.183    8.78279
     834.193    8.42086
     834.203    8.12710
     834.213    7.88153
     834.223    7.67003
     834.233    7.48439
     834.243    7.31907
     834.253    7.16959
     834.263    7.03417
     834.273    6.91007
     834.283    6.79558
     834.293    6.68899
     834.303    6.59003
     834.313    6.49740
     834.323    6.41038
     834.333    6.32837
     834.343    6.25058
     834.353    6.17716
     834.363    6.10742
     834.373    6.04080
     834.383    5.97753
     834.393    5.91710
     834.414    5.80371
     834.434    5.69959
     834.454    5.60319
     834.474    5.51392
     834.494    5.43065
     834.514    5.35304
     834.534    5.28026
     834.554    5.21198
     834.574    5.14791
     834.594    5.08745
     834.614    5.03042
     834.634    4.97665
     834.654    4.92569
     834.684    4.85430
     834.714    4.78834
     834.744    4.72728
     834.774    4.67064
     834.804    4.61794
     834.834    4.56895
     834.864    4.52329
     834.904    4.46704
     834.944    4.41562
     834.984    4.36853
     835.024    4.32525
     835.074    4.27596
     835.124    4.23144
     835.184    4.18346
     835.244    4.14067
     835.314    4.09635
     835.394    4.05200
     835.485    4.00881
     835.585    3.96766
     835.705    3.92592
     835.845    3.88550
     836.015    3.84558
     836.225    3.80641
     836.496    3.76758
     836.846    3.72994
     837.326    3.69256
     837.997    3.65586
     838.978    3.61948
     841.170    3.58336
     842.081    3.54755
     843.452    3.51236
     845.394    3.47743
     847.787    3.44293
     850.739    3.40874
     854.793    3.37494
     864.122    3.34152
     874.102    3.37532
     877.636    3.40951
     880.248    3.44406
     882.360    3.47890
     884.152    3.51419
     885.704    3.54978
     887.075    3.58579
     888.296    3.62206
     889.397    3.65872
     890.398    3.69583
     891.309    3.73324
     892.150    3.77136
     892.921    3.80984
     893.631    3.84884
     894.282    3.88806
     894.883    3.92782
     895.433    3.96792
     895.934    4.00807
     896.394    4.04888
     896.814    4.09015
     897.195    4.13156
     897.545    4.17382
     897.865    4.21644
     898.166    4.26005
     898.446    4.30368
     898.716    4.34752
     898.997    4.39286
     899.297    4.43762
     899.717    4.48307
     900.238    4.52835
     900.698    4.57462
     901.069    4.62094
     901.389    4.66870
     901.669    4.71671
     901.919    4.76468
     902.150    4.81311
     902.370    4.86322
     902.580    4.91424
     902.780    4.96524
     902.980    5.01792
     903.171    5.06867
     903.371    5.12122
     903.571    5.17306
     903.771    5.22681
     903.961    5.28127
     904.142    5.33727
     904.302    5.39159
     904.452    5.44715
     904.592    5.50364
     904.722    5.56060
     904.842    5.61744
     904.962    5.67871
     905.072    5.73906
     905.173    5.79756
     905.273    5.85962
     905.373    5.92519
     905.463    5.98707
     905.553    6.05136
     905.643    6.11762
     905.733    6.18510
     905.823    6.25279
     905.913    6.31938
     906.013    6.38994
     906.123    6.45995
     906.264    6.52530
     906.614    6.59181
     907.044    6.65961
     907.295    6.72840
     907.485    6.79885
     907.645    6.87021
     907.785    6.94138
     907.915    7.01457
     908.035    7.08801
     908.145    7.16023
     908.256    7.23711
     908.356    7.31105
     908.456    7.38884
     908.556    7.47051
     908.646    7.54738
     908.736    7.62752
     908.826    7.71094
     908.916    7.79782
     908.996    7.87793
     909.076    7.96085
     909.156    8.04671
     909.237    8.13555
     909.317    8.22745
     909.397    8.32253
     909.467    8.40842
     909.537    8.49690
     909.607    8.58809
     909.677    8.68199
     909.747    8.77879
     909.817    8.87853
     909.887    8.98131
     909.957    9.08725
     910.017    9.18069
     910.077    9.27659
     910.137    9.37506
     910.197    9.47616
     910.258    9.58004
     910.318    9.68669
     910.378    9.79631
     910.438    9.90888
     923.150    9.79857
     923.220    9.68917
     923.290    9.58311
     923.360    9.48018
     923.430    9.38039
     923.500    9.28351
     923.570    9.18953
     923.641    9.09826
     923.721    8.99718
     923.801    8.89942
     923.881    8.80482
     923.961    8.71330
     924.041    8.62469
     924.121    8.53889
     924.211    8.44561
     924.301    8.35558
     924.391    8.26871
     924.481    8.18482
     924.581    8.09496
     924.682    8.00853
     924.782    7.92530
     924.882    7.84514
     924.992    7.76037
     925.102    7.67901
     925.212    7.60087
     925.332    7.51915
     925.452    7.44089
     925.572    7.36592
     925.703    7.28827
     925.833    7.21410
     925.973    7.13793
     926.113    7.06537
     926.263    6.99144
     926.413    6.92122
     926.573    6.85018
     926.744    6.77880
     926.914    6.71139
     927.094    6.64408
     927.284    6.57730
     927.484    6.51139
     927.695    6.44673
     927.925    6.38088
     928.165    6.31730
     928.425    6.25389
     928.706    6.19146
     929.016    6.12884
     929.356    6.06732
     929.737    6.00660
     930.167    5.94709
     930.677    5.88777
     931.308    5.82933
     932.189    5.77118
     937.814    5.82955
     938.715    5.88907
     939.486    5.94913
     940.177    6.00998
     940.807    6.07131
     941.388    6.13267
     941.938    6.19524
     942.459    6.25837
     942.959    6.32279
     943.430    6.38676
     943.890    6.45262
     944.331    6.51873
     944.751    6.58475
     945.162    6.65203
     945.562    6.72044
     945.952    6.78987
     946.333    6.86018
     946.703    6.93126
     947.063    7.00299
     947.414    7.07523
     947.754    7.14786
     948.084    7.22074
     948.405    7.29374
     948.725    7.36912
     949.035    7.44448
     949.336    7.51968
     949.636    7.59720
     949.926    7.67442
     950.216    7.75396
     950.497    7.83305
     950.777    7.91446
     951.047    7.99525
     951.318    8.07835
     951.578    8.16067
     951.838    8.24529
     952.088    8.32893
     952.339    8.41488
     952.589    8.50320
     952.829    8.59033
     953.069    8.67982
     953.299    8.76789
     953.530    8.85830
     953.760    8.95114
     953.980    9.04229
     954.200    9.13584
     954.421    9.23186
     954.631    9.32591
     954.841    9.42239
     955.051    9.52141
     955.251    9.61815
     955.452    9.71734
     955.652    9.81910
     955.852    9.92351
     998.984    54.0453
