     200.000   0.260427
     200.400   0.257791
     200.830   0.255210
     201.299   0.252661
     201.819   0.250140
     202.399   0.247660
     203.068   0.245181
     203.848   0.242752
     204.807   0.240341
     206.087   0.237957
     208.275   0.235595
     216.371   0.237977
     218.550   0.240389
     220.409   0.242826
     222.088   0.245281
     223.657   0.247765
     225.146   0.250274
     226.575   0.252809
     227.955   0.255363
     229.304   0.257956
     230.623   0.260577
     231.912   0.263215
     233.182   0.265883
     234.431   0.268574
     235.670   0.271305
     236.890   0.274049
     238.099   0.276826
     239.298   0.279633
     240.488   0.282467
     241.667   0.285326
     242.846   0.288233
     244.016   0.291161
     245.175   0.294111
     246.335   0.297105
     247.484   0.300118
     248.633   0.303175
     249.773   0.306249
     250.912   0.309366
     252.041   0.312499
     253.171   0.315675
     254.290   0.318866
     255.410   0.322100
     256.530   0.325381
     257.641   0.328678
     258.752   0.332019
     259.853   0.335375
     260.954   0.338776
     262.055   0.342223
     263.146   0.345685
     264.237   0.349195
     265.328   0.352752
     266.409   0.356326
     267.490   0.359950
     268.561   0.363592
     269.633   0.367285
     270.694   0.370998
     271.755   0.374765
     272.806   0.378553
     273.857   0.382398
     274.898   0.386266
     275.939   0.390195
     276.970   0.394150
     277.991   0.398132
     279.012   0.402180
     280.023   0.406259
     281.024   0.410370
     282.025   0.414556
     283.016   0.418779
     283.997   0.423041
     284.967   0.427344
     285.928   0.431691
     286.879   0.436086
     287.820   0.440530
     288.751   0.445028
     289.662   0.449534
     290.563   0.454099
     291.454   0.458730
     292.325   0.463376
     293.185   0.468094
     294.026   0.472834
     294.857   0.477657
     295.668   0.482507
     296.459   0.487389
     297.239   0.492368
     298.000   0.497386
     298.741   0.502446
     299.462   0.507550
     300.162   0.512701
     300.843   0.517900
     301.504   0.523149
     302.144   0.528451
     302.765   0.533806
     303.365   0.539214
     303.946   0.544675
     304.507   0.550189
     305.047   0.555753
     305.578   0.561474
     306.088   0.567248
     306.579   0.573070
     307.049   0.578933
     307.499   0.584829
     307.930   0.590746
     308.350   0.596820
     308.751   0.602900
     309.141   0.609135
     309.511   0.615355
     309.872   0.621721
     310.212   0.628042
     310.542   0.634492
     310.863   0.641069
     311.163   0.647549
     311.453   0.654126
     311.734   0.660794
     312.004   0.667544
     312.264   0.674365
     312.514   0.681245
     312.755   0.688171
     312.985   0.695125
     313.215   0.702414
     313.435   0.709722
     313.645   0.717028
     313.846   0.724309
     314.046   0.731926
     314.236   0.739497
     314.416   0.746991
     314.596   0.754819
     314.767   0.762541
     314.937   0.770602
     315.097   0.778520
     315.257   0.786779
     315.407   0.794853
     315.557   0.803267
     315.697   0.811447
     315.838   0.819959
     315.978   0.828826
     316.108   0.837396
     316.238   0.846310
     316.358   0.854860
     316.478   0.863738
     316.598   0.872961
     316.718   0.882549
     316.829   0.891677
     316.939   0.901149
     317.049   0.910982
     317.149   0.920251
     317.249   0.929852
     317.349   0.939802
     317.449   0.950118
     317.539   0.959734
     317.629   0.969678
     317.719   0.979969
     317.810   0.990621
     317.900    1.00166
     317.980    1.01180
     318.060    1.02228
     318.140    1.03310
     318.220    1.04429
     318.300    1.05586
     318.380    1.06783
     318.450    1.07865
     318.520    1.08980
     318.590    1.10131
     318.660    1.11319
     318.730    1.12545
     318.800    1.13811
     318.871    1.15119
     318.941    1.16472
     319.001    1.17668
     319.061    1.18900
     319.121    1.20168
     319.181    1.21475
     319.241    1.22821
     319.301    1.24210
     319.361    1.25641
     319.421    1.27119
     319.481    1.28643
     319.531    1.29951
     319.581    1.31294
     319.631    1.32675
     319.681    1.34092
     319.731    1.35550
     319.781    1.37047
     319.831    1.38587
     319.882    1.40170
     319.932    1.41797
     319.982    1.43470
     320.032    1.45191
     320.082    1.46960
     320.132    1.48778
     320.182    1.50648
     320.222    1.52181
     320.262    1.53749
     320.302    1.55350
     320.342    1.56986
     320.382    1.58657
     320.422    1.60363
     320.462    1.62104
     320.502    1.63881
     320.542    1.65693
     320.582    1.67540
     320.622    1.69422
     320.662    1.71337
     320.702    1.73286
     320.742    1.75267
     320.782    1.77279
     320.822    1.79322
     320.862    1.81392
     320.903    1.83489
     320.943    1.85611
     320.983    1.87755
     321.023    1.89919
     321.063    1.92100
     321.103    1.94295
     321.143    1.96501
     321.183    1.98715
     321.223    2.01025
     321.263    2.03081
     321.303    2.05226
     321.343    2.07388
     321.383    2.09569
     321.423    2.11775
     321.463    2.14014
     321.503    2.16291
     321.543    2.18612
     321.583    2.20983
     321.623    2.23407
     321.663    2.25892
     321.703    2.28441
     321.743    2.31060
     321.783    2.33753
     321.823    2.36524
     321.863    2.39376
     321.904    2.42317
     321.944    2.45348
     321.984    2.48473
     322.024    2.51696
     322.064    2.55022
     322.104    2.58454
     322.134    2.61101
     322.164    2.63809
     322.194    2.66584
     322.224    2.69425
     322.254    2.72334
     322.284    2.75314
     322.314    2.78363
     322.344    2.81487
     322.374    2.84685
     322.404    2.87960
     322.434    2.91312
     322.464    2.94745
     322.494    2.98259
     322.524    3.01858
     322.554    3.05540
     322.584    3.09310
     322.614    3.13169
     322.644    3.17119
     322.674    3.21161
     322.704    3.25299
     322.734    3.29533
     322.764    3.33866
     322.794    3.38300
     322.824    3.42838
     322.854    3.47481
     322.884    3.52231
     322.914    3.57090
     322.945    3.62063
     322.975    3.67150
     323.005    3.72352
     323.035    3.77673
     323.065    3.83115
     323.095    3.88681
     323.125    3.94373
     323.155    4.00193
     323.185    4.06143
     323.215    4.12227
     323.245    4.18446
     323.275    4.24802
     323.295    4.29118
     323.315    4.33497
     323.335    4.37938
     323.355    4.42443
     323.375    4.47013
     323.395    4.51648
     323.415    4.56352
     323.435    4.61119
     323.455    4.65955
     323.475    4.70860
     323.495    4.75833
     323.515    4.80874
     323.535    4.85984
     323.555    4.91164
     323.575    4.96414
     323.595    5.01734
     323.615    5.07129
     323.635    5.12591
     323.655    5.18128
     323.675    5.23737
     323.695    5.29418
     323.715    5.35171
     323.735    5.40996
     323.755    5.46893
     323.775    5.52863
     323.795    5.58909
     323.815    5.65023
     323.835    5.71212
     323.855    5.77474
     323.875    5.83804
     323.895    5.90207
     323.915    5.96682
     323.935    6.03226
     323.956    6.09844
     323.976    6.16526
     323.996    6.23275
     324.016    6.30096
     324.036    6.36981
     324.056    6.43927
     324.076    6.50939
     324.096    6.58013
     324.116    6.65146
     324.136    6.72337
     324.156    6.79589
     324.176    6.86890
     324.196    6.94242
     324.216    7.01647
     324.236    7.09099
     324.256    7.16591
     324.276    7.24127
     324.296    7.31700
     324.316    7.39307
     324.336    7.46944
     324.356    7.54612
     324.376    7.62298
     324.396    7.70006
     324.426    7.81583
     324.456    7.93183
     324.486    8.04772
     324.516    8.16339
     324.546    8.27855
     324.576    8.39305
     324.606    8.50666
     324.636    8.61900
     324.666    8.72987
     324.696    8.83895
     324.726    8.94589
     324.756    9.05037
     324.786    9.15195
     324.816    9.25029
     324.846    9.34493
     324.886    9.46456
     324.926    9.57560
     324.966    9.67668
     325.017    9.78693
     325.077    9.89194
     325.287    9.79217
     325.337    9.68308
     325.377    9.58284
     325.417    9.47265
     325.457    9.35381
     325.487    9.25975
     325.517    9.16199
     325.547    9.06092
     325.577    8.95704
     325.607    8.85063
     325.637    8.74206
     325.667    8.63173
     325.697    8.51987
     325.727    8.40681
     325.757    8.29282
     325.787    8.17814
     325.817    8.06296
     325.847    7.94753
     325.877    7.83206
     325.907    7.71672
     325.927    7.63999
     325.947    7.56339
     325.967    7.48706
     325.987    7.41095
     326.008    7.33516
     326.028    7.25974
     326.048    7.18466
     326.068    7.10998
     326.088    7.03570
     326.108    6.96194
     326.128    6.88866
     326.148    6.81585
     326.168    6.74363
     326.188    6.67192
     326.208    6.60080
     326.228    6.53031
     326.248    6.46039
     326.268    6.39111
     326.288    6.32242
     326.308    6.25443
     326.328    6.18710
     326.348    6.12040
     326.368    6.05443
     326.388    5.98911
     326.408    5.92449
     326.428    5.86057
     326.448    5.79736
     326.468    5.73486
     326.488    5.67307
     326.508    5.61200
     326.528    5.55161
     326.548    5.49198
     326.568    5.43303
     326.588    5.37480
     326.608    5.31733
     326.628    5.26054
     326.648    5.20446
     326.668    5.14910
     326.688    5.09441
     326.708    5.04046
     326.728    4.98721
     326.748    4.93463
     326.768    4.88274
     326.788    4.83158
     326.808    4.78106
     326.828    4.73123
     326.848    4.68207
     326.868    4.63358
     326.888    4.58573
     326.908    4.53856
     326.928    4.49203
     326.948    4.44613
     326.968    4.40086
     326.988    4.35625
     327.008    4.31223
     327.029    4.26884
     327.049    4.22605
     327.069    4.18386
     327.089    4.14225
     327.119    4.08097
     327.149    4.02096
     327.179    3.96223
     327.209    3.90474
     327.239    3.84848
     327.269    3.79342
     327.299    3.73953
     327.329    3.68679
     327.359    3.63519
     327.389    3.58467
     327.419    3.53523
     327.449    3.48686
     327.479    3.43951
     327.509    3.39319
     327.539    3.34784
     327.569    3.30346
     327.599    3.26003
     327.629    3.21751
     327.659    3.17590
     327.689    3.13518
     327.719    3.09531
     327.749    3.05630
     327.779    3.01809
     327.809    2.98070
     327.839    2.94408
     327.869    2.90823
     327.899    2.87314
     327.929    2.83877
     327.959    2.80512
     327.989    2.77217
     328.019    2.73989
     328.049    2.70828
     328.080    2.67732
     328.110    2.64699
     328.140    2.61729
     328.170    2.58819
     328.200    2.55967
     328.230    2.53174
     328.260    2.50436
     328.290    2.47755
     328.320    2.45126
     328.350    2.42550
     328.380    2.40025
     328.410    2.37550
     328.440    2.35123
     328.470    2.32745
     328.500    2.30413
     328.530    2.28127
     328.570    2.25148
     328.610    2.22245
     328.650    2.19417
     328.690    2.16660
     328.730    2.13973
     328.770    2.11354
     328.810    2.08801
     328.850    2.06311
     328.890    2.03882
     328.930    2.01515
     328.970    1.99204
     329.010    1.96951
     329.050    1.94752
     329.091    1.92606
     329.131    1.90512
     329.171    1.88468
     329.211    1.86472
     329.251    1.84523
     329.291    1.82621
     329.331    1.80763
     329.371    1.78948
     329.411    1.77175
     329.461    1.75016
     329.511    1.72919
     329.561    1.70881
     329.611    1.68901
     329.661    1.66976
     329.711    1.65104
     329.761    1.63284
     329.811    1.61514
     329.861    1.59792
     329.911    1.58116
     329.961    1.56486
     330.011    1.54899
     330.061    1.53354
     330.122    1.51555
     330.182    1.49811
     330.242    1.48122
     330.302    1.46484
     330.362    1.44897
     330.422    1.43359
     330.482    1.41867
     330.542    1.40419
     330.602    1.39015
     330.672    1.37429
     330.742    1.35897
     330.812    1.34416
     330.882    1.32986
     330.952    1.31604
     331.022    1.30267
     331.092    1.28974
     331.173    1.27548
     331.253    1.26174
     331.333    1.24851
     331.413    1.23575
     331.493    1.22346
     331.583    1.21015
     331.673    1.19737
     331.763    1.18509
     331.853    1.17330
     331.953    1.16072
     332.053    1.14868
     332.154    1.13715
     332.264    1.12503
     332.374    1.11346
     332.484    1.10241
     332.604    1.09091
     332.724    1.07998
     332.854    1.06872
     332.984    1.05805
     333.124    1.04716
     333.275    1.03615
     333.425    1.02577
     333.585    1.01536
     333.755    1.00499
     333.935   0.994726
     334.125   0.984639
     334.326   0.974786
     334.546   0.964783
     334.776   0.955184
     335.026   0.945659
     335.307   0.936015
     335.617   0.926477
     335.957   0.917249
     336.348   0.908078
     336.808   0.898965
     337.369   0.890022
     338.119   0.881161
     339.451   0.872401
     343.445   0.881281
     344.536   0.890219
     345.436   0.899320
     346.217   0.908419
     346.928   0.917666
     347.579   0.926940
     348.189   0.936356
     348.770   0.945962
     349.320   0.955677
     349.841   0.965423
     350.341   0.975327
     350.822   0.985347
     351.282   0.995439
     351.723    1.00556
     352.153    1.01592
     352.563    1.02624
     352.964    1.03674
     353.354    1.04743
     353.735    1.05827
     354.095    1.06897
     354.445    1.07977
     354.796    1.09099
     355.136    1.10232
     355.466    1.11373
     355.787    1.12521
     356.097    1.13674
     356.397    1.14830
     356.697    1.16026
     356.988    1.17224
     357.268    1.18421
     357.548    1.19659
     357.819    1.20894
     358.079    1.22123
     358.339    1.23392
     358.589    1.24653
     358.840    1.25956
     359.080    1.27246
     359.320    1.28579
     359.550    1.29897
     359.780    1.31256
     360.001    1.32598
     360.221    1.33981
     360.431    1.35342
     360.641    1.36743
     360.852    1.38189
     361.052    1.39607
     361.252    1.41068
     361.442    1.42497
     361.632    1.43967
     361.822    1.45482
     362.003    1.46958
     362.183    1.48477
     362.363    1.50041
     362.533    1.51559
     362.703    1.53121
     362.873    1.54727
     363.044    1.56380
     363.204    1.57980
     363.364    1.59625
     363.524    1.61317
     363.674    1.62947
     363.824    1.64622
     363.975    1.66343
     364.125    1.68113
     364.275    1.69933
     364.415    1.71681
     364.555    1.73477
     364.695    1.75323
     364.835    1.77222
     364.966    1.79036
     365.096    1.80901
     365.226    1.82818
     365.356    1.84792
     365.476    1.86666
     365.596    1.88593
     365.716    1.90578
     365.836    1.92622
     365.956    1.94730
     366.067    1.96724
     366.177    1.98779
     366.287    2.00902
     366.397    2.03098
     366.497    2.05163
     366.597    2.07299
     366.697    2.09516
     366.797    2.11820
     366.887    2.13976
     366.977    2.16221
     367.068    2.18566
     367.158    2.21023
     367.238    2.23313
     367.318    2.25719
     367.398    2.28257
     367.468    2.30601
     367.538    2.33078
     367.608    2.35707
     367.668    2.38100
     367.728    2.40641
     367.788    2.43354
     367.848    2.46265
     367.898    2.48867
     367.948    2.51656
     367.998    2.54663
     368.039    2.57252
     368.079    2.60035
     368.119    2.63042
     368.159    2.66321
     368.199    2.69932
     368.229    2.72908
     368.259    2.76171
     368.289    2.79794
     368.319    2.83880
     368.339    2.86934
     368.359    2.90339
     368.379    2.94195
     368.399    2.98661
     368.419    3.04004
     368.429    3.07142
     368.439    3.10713
     368.449    3.14881
     368.459    3.19882
     368.469    3.26190
     368.479    3.34820
     368.489    3.48897
     368.499    4.64766
     368.509    3.49556
     368.519    3.36016
     368.529    3.27935
     368.539    3.22201
     368.549    3.17775
     368.559    3.14190
     368.579    3.08625
     368.599    3.04436
     368.619    3.01119
     368.649    2.97241
     368.679    2.94260
     368.719    2.91231
     368.779    2.88043
     368.879    2.84984
     369.410    2.87949
     369.540    2.91044
     369.650    2.94084
     369.750    2.97135
     369.850    3.00429
     369.940    3.03585
     370.030    3.06909
     370.121    3.10393
     370.201    3.13618
     370.281    3.16962
     370.361    3.20422
     370.441    3.23995
     370.521    3.27683
     370.591    3.31002
     370.661    3.34409
     370.731    3.37904
     370.801    3.41487
     370.871    3.45160
     370.941    3.48924
     371.011    3.52780
     371.081    3.56731
     371.152    3.60776
     371.222    3.64920
     371.292    3.69165
     371.362    3.73510
     371.422    3.77319
     371.482    3.81207
     371.542    3.85174
     371.602    3.89223
     371.662    3.93356
     371.722    3.97576
     371.782    4.01884
     371.842    4.06281
     371.902    4.10771
     371.962    4.15355
     372.022    4.20037
     372.082    4.24817
     372.143    4.29699
     372.203    4.34687
     372.263    4.39783
     372.323    4.44989
     372.383    4.50307
     372.443    4.55744
     372.493    4.60367
     372.543    4.65073
     372.593    4.69867
     372.643    4.74750
     372.693    4.79724
     372.743    4.84792
     372.793    4.89956
     372.843    4.95218
     372.893    5.00581
     372.943    5.06047
     372.993    5.11617
     373.043    5.17297
     373.093    5.23088
     373.143    5.28991
     373.194    5.35013
     373.244    5.41154
     373.294    5.47416
     373.344    5.53806
     373.394    5.60325
     373.444    5.66975
     373.494    5.73761
     373.544    5.80688
     373.594    5.87757
     373.644    5.94976
     373.694    6.02345
     373.744    6.09869
     373.794    6.17551
     373.834    6.23817
     373.874    6.30189
     373.914    6.36670
     373.954    6.43266
     373.994    6.49973
     374.034    6.56800
     374.074    6.63746
     374.114    6.70814
     374.154    6.78010
     374.195    6.85330
     374.235    6.92785
     374.275    7.00373
     374.315    7.08101
     374.355    7.15966
     374.395    7.23978
     374.435    7.32137
     374.475    7.40446
     374.515    7.48908
     374.555    7.57528
     374.595    7.66314
     374.635    7.75265
     374.675    7.84384
     374.715    7.93678
     374.755    8.03153
     374.795    8.12811
     374.835    8.22655
     374.875    8.32691
     374.915    8.42923
     374.955    8.53361
     374.995    8.63999
     375.035    8.74855
     375.075    8.85933
     375.115    8.97228
     375.155    9.08750
     375.195    9.20513
     375.236    9.32516
     375.276    9.44765
     375.316    9.57274
     375.356    9.70036
     375.396    9.83071
     375.426    9.93026
     385.095    9.80742
     385.135    9.68332
     385.175    9.56168
     385.215    9.44244
     385.255    9.32567
     385.295    9.21124
     385.335    9.09904
     385.375    8.98905
     385.415    8.88124
     385.456    8.77549
     385.496    8.67186
     385.536    8.57019
     385.576    8.47048
     385.616    8.37269
     385.656    8.27677
     385.696    8.18262
     385.736    8.09026
     385.776    7.99963
     385.816    7.91070
     385.856    7.82343
     385.896    7.73773
     385.936    7.65362
     385.976    7.57104
     386.016    7.48997
     386.056    7.41034
     386.096    7.33218
     386.136    7.25539
     386.176    7.17998
     386.216    7.10591
     386.256    7.03311
     386.296    6.96163
     386.336    6.89137
     386.376    6.82234
     386.416    6.75447
     386.466    6.67132
     386.517    6.58992
     386.567    6.51023
     386.617    6.43225
     386.667    6.35589
     386.717    6.28112
     386.767    6.20788
     386.817    6.13615
     386.867    6.06590
     386.917    5.99706
     386.967    5.92965
     387.017    5.86355
     387.067    5.79880
     387.117    5.73532
     387.167    5.67310
     387.217    5.61212
     387.267    5.55231
     387.317    5.49367
     387.367    5.43615
     387.417    5.37976
     387.467    5.32444
     387.518    5.27016
     387.568    5.21691
     387.618    5.16467
     387.668    5.11342
     387.728    5.05317
     387.788    4.99426
     387.848    4.93664
     387.908    4.88030
     387.968    4.82518
     388.028    4.77127
     388.088    4.71850
     388.148    4.66689
     388.208    4.61638
     388.268    4.56693
     388.328    4.51854
     388.388    4.47117
     388.448    4.42479
     388.508    4.37938
     388.569    4.33491
     388.629    4.29137
     388.689    4.24873
     388.759    4.20010
     388.829    4.15262
     388.899    4.10627
     388.969    4.06102
     389.039    4.01684
     389.109    3.97369
     389.179    3.93156
     389.249    3.89043
     389.319    3.85022
     389.389    3.81095
     389.459    3.77257
     389.529    3.73507
     389.610    3.69321
     389.690    3.65240
     389.770    3.61256
     389.850    3.57365
     389.930    3.53559
     390.010    3.49832
     390.090    3.46176
     390.170    3.42579
     390.250    3.39030
     390.330    3.35543
     390.410    3.32122
     390.490    3.28768
     390.570    3.25481
     390.661    3.21867
     390.751    3.18339
     390.841    3.14899
     390.931    3.11545
     391.021    3.08275
     391.111    3.05089
     391.201    3.01983
     391.291    2.98957
     391.391    2.95683
     391.491    2.92500
     391.591    2.89405
     391.692    2.86394
     391.792    2.83465
     391.892    2.80614
     392.002    2.77566
     392.112    2.74606
     392.222    2.71730
     392.332    2.68935
     392.442    2.66219
     392.552    2.63578
     392.673    2.60780
     392.793    2.58065
     392.913    2.55430
     393.033    2.52871
     393.163    2.50183
     393.293    2.47579
     393.423    2.45054
     393.553    2.42606
     393.694    2.40052
     393.834    2.37581
     393.974    2.35189
     394.124    2.32711
     394.274    2.30316
     394.424    2.28001
     394.584    2.25616
     394.745    2.23315
     394.905    2.21095
     395.075    2.18819
     395.245    2.16627
     395.425    2.14392
     395.605    2.12242
     395.796    2.10061
     395.986    2.07966
     396.186    2.05849
     396.396    2.03720
     396.606    2.01683
     396.827    1.99641
     397.057    1.97603
     397.297    1.95576
     397.547    1.93568
     397.808    1.91585
     398.078    1.89632
     398.358    1.87717
     398.648    1.85843
     398.959    1.83957
     399.279    1.82129
     399.619    1.80311
     399.980    1.78516
     400.370    1.76714
     400.790    1.74926
     401.241    1.73173
     401.731    1.71442
     402.272    1.69732
     402.883    1.68027
     403.573    1.66363
     404.394    1.64714
     405.435    1.63078
     406.987    1.61460
     413.683    1.63091
     414.914    1.64741
     415.905    1.66410
     416.746    1.68105
     417.477    1.69826
     418.117    1.71569
     418.678    1.73321
     419.168    1.75076
     419.609    1.76879
     419.999    1.78710
     420.340    1.80537
     420.640    1.82379
     420.910    1.84272
     421.150    1.86191
     421.361    1.88100
     421.551    1.90056
     421.721    1.92031
     421.871    1.93989
     422.011    1.96033
     422.141    1.98156
     422.261    2.00342
     422.372    2.02570
     422.472    2.04814
     422.562    2.07039
     422.642    2.09204
     422.722    2.11568
     422.792    2.13824
     422.862    2.16273
     422.922    2.18547
     422.982    2.21001
     423.042    2.23653
     423.092    2.26030
     423.142    2.28577
     423.192    2.31308
     423.242    2.34244
     423.282    2.36753
     423.322    2.39417
     423.362    2.42249
     423.403    2.45265
     423.443    2.48479
     423.473    2.51028
     423.503    2.53709
     423.533    2.56527
     423.563    2.59493
     423.593    2.62616
     423.623    2.65909
     423.653    2.69380
     423.683    2.73044
     423.713    2.76918
     423.743    2.81013
     423.763    2.83874
     423.783    2.86844
     423.803    2.89934
     423.823    2.93146
     423.843    2.96491
     423.863    2.99967
     423.883    3.03587
     423.903    3.07357
     423.923    3.11285
     423.943    3.15384
     423.963    3.19654
     423.983    3.24111
     424.003    3.28768
     424.023    3.33628
     424.043    3.38712
     424.063    3.44028
     424.083    3.49587
     424.103    3.55411
     424.123    3.61513
     424.143    3.67912
     424.163    3.74624
     424.183    3.81673
     424.203    3.89081
     424.223    3.96872
     424.233    4.00916
     424.243    4.05075
     424.253    4.09337
     424.263    4.13721
     424.273    4.18216
     424.283    4.22843
     424.293    4.27599
     424.303    4.32480
     424.313    4.37510
     424.323    4.42686
     424.333    4.48003
     424.343    4.53488
     424.353    4.59139
     424.363    4.64952
     424.373    4.70958
     424.383    4.77153
     424.393    4.83549
     424.404    4.90142
     424.414    4.96969
     424.424    5.04028
     424.434    5.11334
     424.444    5.18901
     424.454    5.26728
     424.464    5.34864
     424.474    5.43311
     424.484    5.52091
     424.494    5.61227
     424.504    5.70744
     424.514    5.80671
     424.524    5.91021
     424.534    6.01867
     424.544    6.13232
     424.554    6.25162
     424.564    6.37711
     424.574    6.50940
     424.584    6.64921
     424.594    6.79736
     424.604    6.95485
     424.614    7.12284
     424.624    7.30275
     424.634    7.49631
     424.644    7.70564
     424.654    7.93386
     424.664    8.18357
     424.674    8.45967
     424.684    8.76823
     424.694    9.11766
     424.704    9.52020
     424.714    9.99464
     424.824    9.52026
     424.834    9.11943
     424.844    8.77094
     424.854    8.46386
     424.864    8.18912
     424.874    7.94026
     424.884    7.71371
     424.894    7.50556
     424.904    7.31282
     424.914    7.13405
     424.924    6.96688
     424.934    6.81051
     424.944    6.66345
     424.954    6.52448
     424.964    6.39326
     424.974    6.26861
     424.984    6.15036
     424.994    6.03756
     425.004    5.93014
     425.014    5.82730
     425.024    5.72890
     425.034    5.63477
     425.044    5.54427
     425.054    5.45750
     425.064    5.37389
     425.074    5.29341
     425.084    5.21601
     425.094    5.14122
     425.104    5.06917
     425.114    4.99945
     425.124    4.93207
     425.134    4.86689
     425.144    4.80394
     425.154    4.74286
     425.164    4.68369
     425.174    4.62644
     425.184    4.57082
     425.194    4.51685
     425.204    4.46447
     425.214    4.41360
     425.224    4.36429
     425.234    4.31627
     425.244    4.26960
     425.254    4.22421
     425.264    4.18007
     425.274    4.13712
     425.284    4.09531
     425.294    4.05469
     425.314    3.97646
     425.334    3.90220
     425.354    3.83167
     425.374    3.76460
     425.394    3.70078
     425.414    3.64002
     425.435    3.58212
     425.455    3.52686
     425.475    3.47420
     425.495    3.42393
     425.515    3.37588
     425.535    3.33000
     425.555    3.28615
     425.575    3.24416
     425.595    3.20402
     425.615    3.16556
     425.635    3.12873
     425.655    3.09347
     425.675    3.05965
     425.695    3.02722
     425.715    2.99612
     425.735    2.96627
     425.765    2.92374
     425.795    2.88370
     425.825    2.84598
     425.855    2.81047
     425.885    2.77695
     425.915    2.74532
     425.945    2.71543
     425.975    2.68722
     426.005    2.66054
     426.045    2.62718
     426.085    2.59619
     426.125    2.56734
     426.165    2.54049
     426.215    2.50947
     426.265    2.48103
     426.315    2.45494
     426.375    2.42641
     426.435    2.40059
     426.506    2.37354
     426.576    2.34941
     426.656    2.32497
     426.746    2.30097
     426.846    2.27804
     426.966    2.25492
     427.116    2.23161
     427.306    2.20923
     427.587    2.18728
     429.659    2.20966
     430.059    2.23242
     430.409    2.25540
     430.730    2.27877
     431.020    2.30187
     431.300    2.32589
     431.560    2.34974
     431.811    2.37411
     432.051    2.39891
     432.281    2.42401
     432.501    2.44931
     432.712    2.47471
     432.912    2.50011
     433.102    2.52541
     433.292    2.55192
     433.472    2.57824
     433.653    2.60582
     433.823    2.63312
     433.983    2.66003
     434.143    2.68821
     434.293    2.71589
     434.443    2.74491
     434.583    2.77333
     434.724    2.80315
     434.854    2.83225
     434.984    2.86285
     435.104    2.89258
     435.224    2.92390
     435.334    2.95417
     435.444    2.98612
     435.544    3.01679
     435.644    3.04921
     435.735    3.08006
     435.825    3.11268
     435.915    3.14729
     435.995    3.17991
     436.075    3.21451
     436.155    3.25127
     436.225    3.28541
     436.295    3.32158
     436.365    3.35996
     436.425    3.39476
     436.485    3.43144
     436.545    3.47012
     436.605    3.51087
     436.655    3.54648
     436.706    3.58361
     436.756    3.62223
     436.806    3.66231
     436.856    3.70373
     436.906    3.74637
     436.956    3.78998
     437.006    3.83424
     437.056    3.87873
     437.106    3.92289
     437.156    3.96604
     437.206    4.00736
     437.266    4.05300
     437.336    4.09863
     437.486    4.14035
     437.867    4.18278
     438.037    4.22697
     438.147    4.26987
     438.237    4.31360
     438.317    4.35889
     438.387    4.40330
     438.457    4.45191
     438.527    4.50440
     438.587    4.55217
     438.647    4.60210
     438.707    4.65376
     438.768    4.70660
     438.828    4.75993
     438.888    4.81293
     438.948    4.86459
     439.018    4.92153
     439.088    4.97261
     439.188    5.02405
     439.738    5.07517
     440.009    5.12673
     440.169    5.18184
     440.289    5.23578
     440.389    5.28893
     440.479    5.34309
     440.569    5.40318
     440.649    5.46160
     440.729    5.52470
     440.799    5.58381
     440.870    5.64659
     440.940    5.71313
     441.000    5.77320
     441.060    5.83615
     441.120    5.90208
     441.180    5.97106
     441.240    6.04322
     441.290    6.10586
     441.340    6.17086
     441.390    6.23834
     441.440    6.30837
     441.490    6.38105
     441.540    6.45651
     441.590    6.53489
     441.640    6.61632
     441.680    6.68377
     441.720    6.75332
     441.760    6.82510
     441.800    6.89919
     441.841    6.97571
     441.881    7.05469
     441.921    7.13631
     441.961    7.22064
     442.001    7.30779
     442.041    7.39787
     442.081    7.49104
     442.121    7.58737
     442.161    7.68696
     442.201    7.78992
     442.231    7.86942
     442.261    7.95086
     442.291    8.03435
     442.321    8.11992
     442.351    8.20748
     442.381    8.29707
     442.411    8.38875
     442.441    8.48237
     442.471    8.57801
     442.501    8.67555
     442.531    8.77490
     442.561    8.87594
     442.591    8.97855
     442.621    9.08254
     442.651    9.18770
     442.681    9.29386
     442.711    9.40066
     442.741    9.50770
     442.771    9.61472
     442.801    9.72121
     442.831    9.82668
     442.862    9.93057
     452.691    9.80474
     452.731    9.68865
     452.771    9.57519
     452.811    9.46424
     452.851    9.35579
     452.891    9.24975
     452.931    9.14607
     452.971    9.04467
     453.011    8.94545
     453.051    8.84838
     453.091    8.75342
     453.132    8.66051
     453.172    8.56957
     453.212    8.48054
     453.252    8.39339
     453.292    8.30806
     453.332    8.22452
     453.372    8.14272
     453.422    8.04280
     453.472    7.94543
     453.522    7.85053
     453.572    7.75803
     453.622    7.66781
     453.672    7.57981
     453.722    7.49401
     453.772    7.41029
     453.822    7.32861
     453.872    7.24891
     453.922    7.17110
     453.972    7.09515
     454.022    7.02098
     454.072    6.94859
     454.122    6.87785
     454.173    6.80877
     454.223    6.74128
     454.283    6.66234
     454.343    6.58556
     454.403    6.51084
     454.463    6.43811
     454.523    6.36734
     454.583    6.29845
     454.643    6.23136
     454.703    6.16603
     454.763    6.10238
     454.823    6.04038
     454.883    5.97997
     454.953    5.91142
     455.023    5.84491
     455.093    5.78031
     455.164    5.71759
     455.234    5.65668
     455.304    5.59751
     455.374    5.54001
     455.444    5.48413
     455.514    5.42981
     455.594    5.36959
     455.674    5.31126
     455.754    5.25474
     455.834    5.20000
     455.914    5.14693
     455.994    5.09548
     456.084    5.03947
     456.174    4.98536
     456.265    4.93307
     456.355    4.88253
     456.445    4.83366
     456.545    4.78126
     456.645    4.73075
     456.745    4.68208
     456.845    4.63514
     456.955    4.58545
     457.065    4.53768
     457.175    4.49176
     457.296    4.44368
     457.416    4.39761
     457.536    4.35343
     457.666    4.30762
     457.796    4.26385
     457.936    4.21886
     458.076    4.17600
     458.227    4.13232
     458.377    4.09083
     458.537    4.04886
     458.707    4.00672
     458.877    3.96697
     459.057    3.92732
     459.247    3.88805
     459.448    3.84942
     459.668    3.80991
     459.898    3.77176
     460.148    3.73370
     460.419    3.69632
     460.719    3.65900
     461.049    3.62273
     461.430    3.58669
     461.890    3.55064
     462.491    3.51511
     463.662    3.48028
     465.444    3.51565
     465.974    3.55127
     466.364    3.58743
     466.685    3.62483
     466.955    3.66294
     467.185    3.70104
     467.385    3.73917
     467.566    3.77811
     467.726    3.81699
     467.876    3.85764
     468.006    3.89662
     468.126    3.93610
     468.246    3.97938
     468.356    4.02280
     468.456    4.06576
     468.547    4.10760
     468.637    4.15274
     468.717    4.19595
     468.797    4.24233
     468.867    4.28576
     468.937    4.33209
     469.007    4.38156
     469.067    4.42667
     469.127    4.47449
     469.187    4.52521
     469.247    4.57905
     469.297    4.62645
     469.347    4.67634
     469.397    4.72885
     469.447    4.78413
     469.497    4.84237
     469.548    4.90370
     469.588    4.95515
     469.628    5.00879
     469.668    5.06472
     469.708    5.12303
     469.748    5.18380
     469.788    5.24717
     469.828    5.31318
     469.868    5.38191
     469.908    5.45343
     469.938    5.50895
     469.968    5.56609
     469.998    5.62491
     470.028    5.68535
     470.058    5.74748
     470.088    5.81127
     470.118    5.87669
     470.148    5.94372
     470.178    6.01233
     470.208    6.08251
     470.238    6.15410
     470.268    6.22707
     470.298    6.30135
     470.328    6.37678
     470.358    6.45323
     470.388    6.53050
     470.418    6.60840
     470.448    6.68671
     470.478    6.76516
     470.508    6.84350
     470.539    6.92135
     470.569    6.99829
     470.599    7.07398
     470.629    7.14791
     470.669    7.24285
     470.709    7.33234
     470.749    7.41480
     470.799    7.50510
     470.859    7.58981
     471.079    7.51158
     471.149    7.42389
     471.209    7.33920
     471.259    7.26510
     471.309    7.18992
     471.359    7.11528
     471.409    7.04258
     471.469    6.95936
     471.529    6.88202
     471.590    6.81163
     471.660    6.73939
     471.740    6.67094
     471.850    6.60270
     472.340    6.67458
     472.420    6.74524
     472.490    6.82110
     472.550    6.89683
     472.601    6.96766
     472.651    7.04572
     472.701    7.13122
     472.741    7.20514
     472.781    7.28410
     472.821    7.36824
     472.861    7.45772
     472.901    7.55274
     472.941    7.65342
     472.971    7.73280
     473.001    7.81558
     473.031    7.90189
     473.061    7.99172
     473.091    8.08523
     473.121    8.18256
     473.151    8.28371
     473.181    8.38889
     473.211    8.49817
     473.241    8.61165
     473.271    8.72945
     473.301    8.85167
     473.331    8.97844
     473.361    9.10996
     473.391    9.24617
     473.411    9.33981
     473.431    9.43558
     473.451    9.53359
     473.471    9.63389
     473.491    9.73650
     473.511    9.84155
     473.531    9.94889
     475.844    9.82191
     475.864    9.71019
     475.884    9.60066
     475.904    9.49350
     475.924    9.38848
     475.944    9.28573
     475.964    9.18506
     475.984    9.08651
     476.004    8.99013
     476.024    8.89571
     476.044    8.80330
     476.064    8.71286
     476.084    8.62435
     476.104    8.53773
     476.124    8.45297
     476.154    8.32922
     476.184    8.20944
     476.214    8.09343
     476.244    7.98119
     476.274    7.87250
     476.304    7.76734
     476.334    7.66548
     476.364    7.56687
     476.394    7.47141
     476.424    7.37893
     476.454    7.28943
     476.484    7.20276
     476.514    7.11878
     476.544    7.03748
     476.574    6.95868
     476.604    6.88234
     476.634    6.80837
     476.664    6.73670
     476.695    6.66719
     476.725    6.59986
     476.765    6.51327
     476.805    6.43013
     476.845    6.35036
     476.885    6.27373
     476.925    6.20012
     476.965    6.12942
     477.005    6.06149
     477.045    5.99618
     477.085    5.93338
     477.125    5.87300
     477.175    5.80072
     477.225    5.73184
     477.275    5.66618
     477.325    5.60353
     477.375    5.54376
     477.425    5.48668
     477.475    5.43221
     477.535    5.37003
     477.595    5.31115
     477.655    5.25535
     477.716    5.20246
     477.786    5.14418
     477.856    5.08936
     477.926    5.03777
     478.006    4.98247
     478.086    4.93081
     478.176    4.87670
     478.266    4.82649
     478.366    4.77492
     478.466    4.72740
     478.576    4.67941
     478.696    4.63169
     478.827    4.58494
     478.977    4.53670
     479.137    4.49125
     479.317    4.44666
     479.527    4.40227
     479.778    4.35863
     480.098    4.31508
     480.558    4.27211
     483.291    4.31610
     483.711    4.36070
     484.042    4.40480
     484.322    4.44990
     484.562    4.49546
     484.772    4.54177
     484.963    4.59001
     485.133    4.63941
     485.283    4.68896
     485.413    4.73733
     485.533    4.78732
     485.643    4.83847
     485.743    4.89018
     485.833    4.94169
     485.914    4.99205
     485.994    5.04738
     486.064    5.10047
     486.134    5.15858
     486.194    5.21292
     486.254    5.27202
     486.304    5.32537
     486.354    5.38286
     486.404    5.44504
     486.454    5.51244
     486.494    5.57058
     486.534    5.63291
     486.574    5.69983
     486.614    5.77193
     486.654    5.84979
     486.684    5.91241
     486.714    5.97900
     486.744    6.05003
     486.774    6.12595
     486.804    6.20731
     486.834    6.29484
     486.864    6.38924
     486.884    6.45654
     486.904    6.52764
     486.924    6.60308
     486.945    6.68330
     486.965    6.76887
     486.985    6.86044
     487.005    6.95902
     487.025    7.06564
     487.045    7.18172
     487.065    7.30908
     487.085    7.45028
     487.095    7.52699
     487.105    7.60851
     487.115    7.69549
     487.125    7.78875
     487.135    7.88931
     487.145    7.99843
     487.155    8.11779
     487.165    8.24980
     487.175    8.39706
     487.185    8.56402
     487.195    8.75704
     487.205    8.98617
     487.215    9.26925
     487.225    9.63961
     487.285    9.34035
     487.295    9.07248
     487.305    8.85893
     487.315    8.68169
     487.325    8.53111
     487.335    8.40041
     487.345    8.28511
     487.355    8.18253
     487.365    8.09011
     487.375    8.00646
     487.395    7.86002
     487.415    7.73574
     487.435    7.62868
     487.455    7.53541
     487.475    7.45347
     487.505    7.34785
     487.535    7.25913
     487.565    7.18413
     487.605    7.10151
     487.655    7.02077
     487.715    6.94988
     487.815    6.87875
     488.666    6.80667
     488.746    6.73457
     488.816    6.66548
     488.886    6.59269
     488.956    6.51765
     489.017    6.45248
     489.077    6.38722
     489.137    6.32244
     489.197    6.25860
     489.257    6.19605
     489.327    6.12512
     489.397    6.05676
     489.467    5.99122
     489.537    5.92869
     489.607    5.86925
     489.687    5.80519
     489.767    5.74523
     489.857    5.68260
     489.947    5.62493
     490.048    5.56637
     490.158    5.50827
     490.278    5.45191
     490.418    5.39456
     490.578    5.33888
     490.768    5.28467
     491.008    5.23167
     491.359    5.17897
     494.162    5.23205
     494.712    5.28580
     495.203    5.33946
     495.663    5.39403
     496.103    5.44959
     496.524    5.50541
     496.934    5.56234
     497.325    5.61862
     497.705    5.67538
     498.085    5.73398
     498.456    5.79278
     498.816    5.85163
     499.176    5.91212
     499.527    5.97250
     499.877    6.03449
     500.217    6.09630
     500.548    6.15789
     500.878    6.22119
     501.198    6.28440
     501.519    6.34975
     501.829    6.41560
     502.129    6.48255
     502.410    6.54915
     502.670    6.61625
     502.910    6.68456
     503.130    6.75352
     503.341    6.82267
     503.581    6.89251
     504.001    6.96352
     504.392    7.03439
     504.802    7.10650
     505.182    7.17904
     505.523    7.25277
     505.843    7.32774
     506.153    7.40407
     506.454    7.48064
     506.744    7.55681
     507.034    7.63489
     507.324    7.71476
     507.605    7.79350
     507.885    7.87384
     508.165    7.95574
     508.435    8.03622
     508.706    8.11817
     508.976    8.20160
     509.246    8.28656
     509.517    8.37306
     509.777    8.45782
     510.037    8.54408
     510.297    8.63183
     510.558    8.72111
     510.818    8.81197
     511.078    8.90442
     511.328    8.99486
     511.579    9.08683
     511.829    9.18037
     512.079    9.27552
     512.329    9.37232
     512.580    9.47079
     512.820    9.56694
     513.060    9.66469
     513.300    9.76409
     513.540    9.86518
     513.781    9.96798
     607.332    9.86856
     607.842    9.76914
     608.403    9.67118
     609.044    9.57492
     609.864    9.47927
     613.098    9.57661
     613.488    9.67397
     613.798    9.77335
     614.059    9.87433
     614.279    9.97420
     625.650    9.86409
     625.720    9.76010
     625.790    9.65978
     625.860    9.56290
     625.940    9.45629
     626.020    9.35375
     626.100    9.25506
     626.180    9.16007
     626.260    9.06858
     626.351    8.96959
     626.441    8.87453
     626.531    8.78323
     626.621    8.69543
     626.721    8.60182
     626.821    8.51208
     626.921    8.42597
     627.031    8.33520
     627.141    8.24836
     627.251    8.16519
     627.372    8.07835
     627.492    7.99536
     627.612    7.91596
     627.742    7.83371
     627.872    7.75516
     628.012    7.67441
     628.152    7.59738
     628.302    7.51868
     628.453    7.44369
     628.613    7.36747
     628.783    7.29045
     628.953    7.21723
     629.133    7.14351
     629.323    7.06962
     629.514    6.99945
     629.714    6.92929
     629.924    6.85939
     630.144    6.78995
     630.374    6.72117
     630.615    6.65320
     630.865    6.58618
     631.125    6.52021
     631.395    6.45537
     631.686    6.38953
     631.986    6.32520
     632.296    6.26236
     632.627    6.19919
     632.967    6.13772
     633.327    6.07626
     633.708    6.01505
     634.108    5.95429
     634.529    5.89415
     634.969    5.83477
     635.429    5.77628
     635.910    5.71876
     636.420    5.66120
     636.951    5.60489
     637.511    5.54889
     638.102    5.49342
     638.723    5.43865
     639.373    5.38476
     640.064    5.33112
     640.795    5.27802
     641.565    5.22572
     642.386    5.17387
     643.267    5.12226
     644.208    5.07141
     645.229    5.02089
     646.340    4.97110
     647.581    4.92163
     649.013    4.87266
     650.824    4.82428
     655.779    4.87357
     656.270    4.92371
     656.640    4.97486
     656.940    5.02549
     657.211    5.07733
     657.471    5.13061
     657.731    5.18279
     658.061    5.23603
     658.872    5.18415
     659.112    5.13186
     659.343    5.07904
     659.573    5.02740
     659.813    4.97718
     660.083    4.92657
     660.394    4.87665
     660.764    4.82767
     661.235    4.77935
     661.885    4.73154
     662.916    4.68456
     665.609    4.63817
     672.466    4.68503
     674.838    4.73254
     676.710    4.78047
     678.311    4.82901
     679.733    4.87814
     681.014    4.92754
     682.195    4.97756
     683.296    5.02824
     684.327    5.07942
     685.298    5.13105
     686.219    5.18325
     687.090    5.23563
     687.931    5.28910
     688.731    5.34281
     689.502    5.39717
     690.243    5.45198
     690.964    5.50783
     691.654    5.56378
     692.325    5.62049
     692.976    5.67782
     693.606    5.73566
     694.217    5.79388
     694.817    5.85336
     695.398    5.91302
     695.968    5.97381
     696.519    6.03457
     697.060    6.09631
     697.590    6.15899
     698.101    6.22133
     698.601    6.28444
     699.091    6.34827
     699.572    6.41278
     700.042    6.47791
     700.503    6.54359
     700.953    6.60978
     701.404    6.67794
     701.844    6.74656
     702.275    6.81558
     702.695    6.88492
     703.105    6.95450
     703.516    7.02603
     703.916    7.09775
     704.307    7.16957
     704.697    7.24334
     705.077    7.31714
     705.458    7.39291
     705.828    7.46865
     706.188    7.54425
     706.549    7.62180
     706.899    7.69914
     707.249    7.77844
     707.590    7.85744
     707.930    7.93843
     708.260    8.01901
     708.591    8.10161
     708.911    8.18371
     709.231    8.26785
     709.542    8.35139
     709.852    8.43701
     710.162    8.52482
     710.463    8.61198
     710.763    8.70141
     711.053    8.79014
     711.343    8.88128
     711.624    8.97176
     711.904    9.06491
     712.174    9.15755
     712.445    9.25335
     712.705    9.34909
     712.955    9.44504
     713.195    9.54162
     713.425    9.63943
     713.646    9.73942
     713.856    9.84285
     714.046    9.94588
     791.852    9.84598
     792.142    9.74532
     792.433    9.64683
     792.723    9.55046
     793.023    9.45292
     793.323    9.35751
     793.624    9.26418
     793.934    9.16986
     794.244    9.07762
     794.555    8.98741
     794.875    8.89635
     795.195    8.80734
     795.526    8.71762
     795.856    8.62993
     796.186    8.54423
     796.527    8.45794
     796.867    8.37363
     797.217    8.28885
     797.568    8.20604
     797.928    8.12287
     798.288    8.04165
     798.659    7.96016
     799.029    7.88063
     799.409    7.80091
     799.790    7.72312
     800.180    7.64523
     800.570    7.56924
     800.971    7.49322
     801.381    7.41727
     801.792    7.34321
     802.212    7.26928
     802.633    7.19723
     803.063    7.12534
     803.503    7.05369
     803.954    6.98234
     804.404    6.91288
     804.865    6.84376
     805.335    6.77504
     805.816    6.70678
     806.306    6.63903
     806.797    6.57315
     807.297    6.50780
     807.808    6.44303
     808.328    6.37887
     808.859    6.31537
     809.399    6.25256
     809.950    6.19049
     810.510    6.12917
     811.091    6.06761
     811.681    6.00693
     812.282    5.94716
     812.903    5.88738
     813.533    5.82861
     814.174    5.77087
     814.834    5.71333
     815.515    5.65608
     816.206    5.60001
     816.916    5.54437
     817.647    5.48925
     818.398    5.43474
     819.169    5.38092
     819.969    5.32721
     820.790    5.27442
     821.641    5.22204
     822.522    5.17023
     823.443    5.11864
     824.404    5.06760
     825.415    5.01699
     826.486    4.96702
     827.647    4.91767
     828.998    4.86870
     832.352    4.91882
     832.592    4.96955
     832.762    5.02109
     832.892    5.07301
     833.002    5.12827
     833.092    5.18337
     833.172    5.24169
     833.242    5.30151
     833.302    5.36054
     833.352    5.41619
     833.403    5.47857
     833.443    5.53406
     833.483    5.59517
     833.523    5.66261
     833.563    5.73724
     833.593    5.79853
     833.623    5.86492
     833.653    5.93702
     833.683    6.01547
     833.713    6.10110
     833.743    6.19487
     833.763    6.26260
     833.783    6.33475
     833.803    6.41193
     833.823    6.49470
     833.843    6.58372
     833.863    6.67979
     833.883    6.78410
     833.903    6.89745
     833.923    7.02154
     833.943    7.15829
     833.953    7.23217
     833.963    7.31052
     833.973    7.39322
     833.983    7.48106
     833.993    7.57470
     834.003    7.67488
     834.013    7.78252
     834.023    7.89876
     834.033    8.02551
     834.043    8.16361
     834.053    8.31587
     834.063    8.48539
     834.073    8.67645
     834.083    8.89514
     834.093    9.15064
     834.103    9.45888
     834.113    9.84342
     834.183    9.73372
     834.193    9.37172
     834.203    9.07788
     834.213    8.83224
     834.223    8.62068
     834.233    8.43498
     834.243    8.26958
     834.253    8.12003
     834.263    7.98456
     834.273    7.86038
     834.283    7.74583
     834.293    7.63917
     834.303    7.54014
     834.313    7.44744
     834.323    7.36036
     834.333    7.27828
     834.343    7.20043
     834.353    7.12693
     834.373    6.99044
     834.393    6.86661
     834.414    6.75308
     834.434    6.64883
     834.454    6.55230
     834.474    6.46289
     834.494    6.37949
     834.514    6.30175
     834.534    6.22884
     834.554    6.16042
     834.574    6.09621
     834.594    6.03562
     834.624    5.95113
     834.654    5.87347
     834.684    5.80188
     834.714    5.73573
     834.744    5.67447
     834.774    5.61763
     834.814    5.54797
     834.854    5.48460
     834.894    5.42686
     834.944    5.36149
     834.994    5.30290
     835.044    5.25016
     835.104    5.19356
     835.174    5.13545
     835.254    5.07785
     835.344    5.02229
     835.445    4.96988
     835.565    4.91729
     835.705    4.86695
     835.875    4.81778
     836.095    4.76815
     836.375    4.72047
     836.756    4.67327
     837.286    4.62690
     838.057    4.58067
     839.208    4.53519
     841.400    4.49019
     842.391    4.44545
     843.973    4.40120
     846.075    4.35759
     848.637    4.31441
     851.851    4.27161
     857.146    4.22931
     876.585    4.27205
     879.427    4.31526
     881.680    4.35890
     883.561    4.40296
     885.183    4.44747
     886.614    4.49268
     887.886    4.53827
     889.027    4.58428
     890.058    4.63066
     890.999    4.67763
     891.860    4.72510
     892.650    4.77313
     893.381    4.82193
     894.052    4.87112
     894.672    4.92111
     895.243    4.97166
     895.763    5.02245
     896.244    5.07423
     896.674    5.12559
     897.075    5.17858
     897.435    5.23150
     897.765    5.28512
     898.066    5.33851
     898.356    5.39420
     898.626    5.44883
     898.896    5.50424
     899.187    5.56098
     899.547    5.61748
     900.058    5.67511
     900.548    5.73280
     900.948    5.79149
     901.279    5.85009
     901.569    5.90982
     901.829    5.97021
     902.070    6.03183
     902.290    6.09323
     902.500    6.15601
     902.700    6.21911
     902.900    6.28468
     903.091    6.34833
     903.281    6.41357
     903.491    6.48041
     903.691    6.54685
     903.881    6.61341
     904.061    6.68131
     904.232    6.75113
     904.392    6.82301
     904.542    6.89673
     904.682    6.97181
     904.812    7.04762
     904.932    7.12327
     905.042    7.19778
     905.153    7.27754
     905.253    7.35469
     905.353    7.43631
     905.443    7.51341
     905.533    7.59365
     905.623    7.67651
     905.713    7.76113
     905.803    7.84633
     905.893    7.93052
     905.983    8.01167
     906.083    8.09507
     906.204    8.18211
     906.464    8.26565
     906.934    8.34989
     907.225    8.43701
     907.425    8.52338
     907.595    8.61392
     907.745    8.70652
     907.875    8.79610
     907.995    8.88623
     908.115    8.98345
     908.226    9.07869
     908.336    9.17975
     908.436    9.27673
     908.536    9.37859
     908.626    9.47449
     908.716    9.57445
     908.806    9.67859
     908.896    9.78697
     908.976    9.88696
     909.056    9.99051
     924.862    9.89132
     924.972    9.78380
     925.082    9.68061
     925.192    9.58150
     925.302    9.48631
     925.422    9.38671
     925.542    9.29133
     925.673    9.19248
     925.803    9.09813
     925.933    9.00795
     926.073    8.91534
     926.223    8.82096
     926.373    8.73132
     926.533    8.64065
     926.694    8.55476
     926.864    8.46845
     927.044    8.38227
     927.234    8.29676
     927.434    8.21238
     927.644    8.12961
     927.865    8.04884
     928.105    7.96717
     928.365    7.88573
     928.645    7.80552
     928.946    7.72752
     929.276    7.65038
     929.646    7.57368
     930.067    7.49794
     930.557    7.42312
     931.158    7.34903
     931.959    7.27610
     933.480    7.20388
     936.974    7.27692
     938.045    7.35106
     938.905    7.42592
     939.656    7.50194
     940.327    7.57820
     940.947    7.65576
     941.528    7.73444
     942.069    7.81308
     942.579    7.89219
     943.070    7.97273
     943.540    8.05424
     943.990    8.13629
     944.431    8.22040
     944.851    8.30439
     945.262    8.38997
     945.652    8.47475
     946.032    8.56065
     946.403    8.64750
     946.763    8.73515
     947.113    8.82342
     947.464    8.91483
     947.804    9.00673
     948.134    9.09894
     948.455    9.19132
     948.775    9.28670
     949.085    9.38206
     949.386    9.47723
     949.686    9.57532
     949.976    9.67304
     950.267    9.77370
     950.547    9.87379
     950.827    9.97682
     998.984    68.0296
